2008_000021 0.9934 34.6511 155.7667 477.8419 290.1373
2008_000064 0.9995 20.9970 139.9336 370.4118 456.4058
2008_000134 0.7973 66.1392 326.9562 179.4769 388.9918
2008_000251 0.9965 71.8648 31.5677 483.0424 269.7120
2008_000251 0.9080 31.8036 72.4430 395.9687 262.4424
2008_000251 0.8343 73.0244 62.6913 370.0006 171.8689
2008_000251 0.7955 226.8653 17.1075 500.0000 252.2634
2008_000251 0.6152 23.7917 156.4417 323.0526 255.5082
2008_000367 0.5763 0.0000 17.3845 418.7766 357.0000
2008_000804 0.9962 38.0932 102.6758 473.6514 284.2032
2008_000804 0.6018 213.7330 98.7660 462.1432 276.6238
2008_000805 0.9945 40.0559 28.7928 500.0000 311.5156
2008_001167 0.5326 15.6832 97.1702 469.2683 355.1041
2008_001227 0.8868 0.0000 114.3732 489.9026 358.0288
2008_001380 0.9984 54.8165 29.3684 423.9788 155.5059
2008_001468 0.9983 0.0000 98.2953 462.2091 346.5744
2008_001546 0.9988 32.4110 46.6705 500.0000 224.7615
2008_001546 0.8414 30.9218 117.2351 346.7572 213.9653
2008_001546 0.5606 223.8826 40.6446 482.7662 205.9865
2008_001580 0.6130 50.2165 119.0038 424.5890 188.1142
2008_001774 0.9796 215.4449 170.0842 250.8262 200.7586
2008_001805 0.9977 6.0646 85.3041 500.0000 287.2372
2008_001805 0.6245 260.2779 88.4292 500.0000 183.6161
2008_001850 0.8499 0.0000 17.9989 455.3874 334.0000
2008_001971 0.9992 138.6833 127.7742 384.6589 188.5226
2008_002046 0.8383 145.6337 57.4153 381.2807 232.3037
2008_002046 0.8355 132.4085 68.0670 484.5941 247.7911
2008_002046 0.8223 34.0874 72.3118 495.7830 311.8204
2008_002138 0.9947 24.0714 92.8015 433.9094 246.9268
2008_002138 0.6905 35.4170 95.0670 341.1699 197.5961
2008_002151 0.9939 19.0273 74.5694 440.5656 230.6549
2008_002151 0.8488 7.5144 55.5149 206.1529 166.5085
2008_002151 0.8485 174.5851 70.6422 494.9162 244.9719
2008_002151 0.7335 348.2344 118.2247 500.0000 195.1739
2008_002151 0.5488 402.5774 118.4663 500.0000 164.6580
2008_002358 0.9986 14.0348 94.2091 471.9691 221.0719
2008_002358 0.8470 7.5601 122.6461 375.0115 217.2603
2008_002454 0.9949 22.3312 227.5121 269.9358 327.7342
2008_002454 0.9773 11.9519 139.2997 499.6242 326.5543
2008_002673 0.9955 16.4935 134.9883 305.1479 233.3317
2008_002673 0.9662 155.5786 140.7381 451.5580 230.9344
2008_002673 0.7359 203.1718 219.4627 282.9708 233.7508
2008_002773 0.9909 124.7849 81.4096 220.1353 138.4726
2008_002773 0.7520 282.2870 273.4997 380.3204 304.8526
2008_002773 0.6859 167.8026 95.8628 218.9221 123.4387
2008_002773 0.5702 149.2896 78.6193 194.9262 97.9672
2008_002773 0.5272 132.4388 92.9483 219.5346 126.8650
2008_003005 0.6602 96.0764 0.8222 479.2453 303.4313
2008_003155 0.9965 0.0000 109.9574 500.0000 266.6069
2008_003189 0.9965 15.1257 97.6453 473.8113 317.6930
2008_003189 0.6253 122.3146 114.1868 448.2426 262.4115
2008_003369 0.9595 0.0000 93.7539 500.0000 273.1715
2008_003369 0.5376 0.0000 75.1675 319.6129 278.9315
2008_003423 0.9989 43.9546 43.6346 500.0000 271.9072
2008_003423 0.5456 0.0000 90.8052 394.5015 265.9211
2008_003475 0.9971 90.5311 107.5083 269.8806 151.6527
2008_003475 0.9134 18.4952 80.7554 125.6412 103.8794
2008_003475 0.6614 65.1568 104.8976 487.0000 218.0194
2008_003673 0.9987 13.3038 66.8999 493.5166 187.9958
2008_003673 0.7229 442.5453 144.9711 500.0000 171.2097
2008_003673 0.5075 235.8114 63.6920 492.5599 179.0394
2008_003743 0.9975 69.1812 137.2988 480.5366 291.3796
2008_003743 0.5354 194.5758 173.3918 480.5008 292.4332
2008_003744 0.9851 9.5919 70.1260 496.1462 347.7939
2008_003744 0.7633 0.0000 126.6342 368.7033 357.4995
2008_003876 0.9777 1.9767 103.3545 500.0000 210.0943
2008_003876 0.7816 161.4509 113.1368 500.0000 206.6429
2008_003905 0.9995 10.9489 38.6000 499.8746 264.2567
2008_003905 0.7830 8.6013 97.5368 405.3165 263.0066
2008_003926 0.9983 0.2579 48.3522 482.6612 220.8299
2008_003926 0.5143 101.7539 117.1452 500.0000 212.5623
2008_003976 0.9959 20.0375 96.4261 499.2443 222.9238
2008_003976 0.5439 9.5366 136.6927 442.8913 219.8192
2008_004030 0.9957 108.2860 236.0355 188.9594 285.9874
2008_004030 0.9947 292.6461 196.9289 369.4608 245.0955
2008_004030 0.9892 184.0368 176.1460 265.1781 225.2784
2008_004030 0.9840 132.2371 96.2445 211.6292 136.8170
2008_004190 0.9368 148.0877 143.0395 266.1348 187.2496
2008_004190 0.9025 186.7385 140.8779 256.4952 185.0225
2008_004348 0.9740 28.0037 84.6298 500.0000 227.1256
2008_004406 0.9995 49.4058 75.9610 492.5218 252.4664
2008_004406 0.5923 169.2718 75.9601 500.0000 190.2206
2008_004433 0.8910 195.1055 191.7631 253.3887 211.5439
2008_004605 0.9988 25.2144 48.8782 461.4744 207.8362
2008_004605 0.6939 36.0100 56.4326 304.8961 210.4685
2008_004605 0.5898 121.3644 158.5264 292.2249 214.4003
2008_004630 0.9845 73.0863 33.7068 430.1310 249.9903
2008_004630 0.9595 99.6372 113.8719 472.0185 255.7860
2008_004630 0.6023 13.5067 0.4756 341.4148 276.6196
2008_004646 0.9617 84.3981 20.1306 489.8660 301.1536
2008_004646 0.8457 135.1965 4.7788 380.3565 60.8474
2008_004646 0.8241 32.0568 36.9488 387.7558 327.9212
2008_004646 0.6655 4.9036 61.7772 197.4005 311.3756
2008_004646 0.6537 17.3528 22.4830 227.1551 170.0238
2008_004646 0.5412 171.8781 13.1027 492.7456 140.7253
2008_004684 0.5077 5.5544 27.4312 466.0000 332.0234
2008_004704 0.9994 0.0000 0.0000 500.0000 295.9345
2008_004704 0.8602 147.8313 47.3870 500.0000 287.8823
2008_004704 0.7949 0.0000 42.6985 288.2592 310.6218
2008_004704 0.6672 0.0000 11.1622 374.4486 221.0025
2008_004726 0.9977 118.7857 109.0938 452.5599 218.2999
2008_004766 0.5628 287.0472 314.7059 316.3289 352.1824
2008_004771 0.9995 26.6556 70.0467 268.9011 161.0199
2008_004819 0.9756 16.8111 48.3411 485.6531 294.7181
2008_004885 0.9770 16.9782 97.9270 326.7106 198.7261
2008_004921 0.6368 190.8819 15.0302 500.0000 285.5802
2008_004935 0.9915 220.9467 127.8658 266.9339 145.6710
2008_004935 0.9538 427.5970 166.7095 470.4604 185.2756
2008_004935 0.9217 90.9494 130.4798 133.3649 150.1213
2008_005057 0.9178 115.3246 125.2733 433.9527 233.4878
2008_005114 0.9995 7.8545 144.0810 490.9664 325.0931
2008_005253 0.8427 43.8938 78.9521 500.0000 243.4476
2008_005338 0.9978 6.8448 89.9545 500.0000 352.9028
2008_005373 0.9994 8.9150 25.4246 439.3280 231.8192
2008_005455 0.9977 25.9387 97.7125 443.9296 211.3914
2008_005455 0.8385 40.7165 140.6700 446.3177 214.7998
2008_005538 0.9868 161.2172 47.0800 397.6659 238.5013
2008_005573 0.9932 412.1386 261.2410 451.9019 279.0744
2008_005611 0.9661 143.4146 36.1902 500.0000 388.0000
2008_005611 0.7652 0.0000 94.9669 252.6418 314.8824
2008_005631 0.9964 72.8549 134.1449 319.8371 200.1962
2008_005685 0.9989 0.0000 36.5491 407.6532 325.0893
2008_005685 0.8504 146.3069 15.6099 498.7088 333.0000
2008_005720 0.5178 25.0667 146.4484 500.0000 327.8382
2008_005750 0.9914 33.3398 326.2455 375.0000 494.3197
2008_005750 0.9111 208.7435 325.1991 375.0000 492.0623
2008_005750 0.7963 28.1217 368.5791 297.4452 490.1615
2008_005750 0.7864 0.0000 437.0728 129.9035 487.6558
2008_005796 0.7280 4.5226 76.5105 438.8106 290.7860
2008_005889 0.9949 46.8357 81.1739 463.9030 249.2697
2008_005889 0.5972 9.2411 51.6092 383.5668 288.9340
2008_005889 0.5517 0.0000 15.2286 493.6535 237.8606
2008_005907 0.9450 13.7339 136.6040 456.4449 258.5238
2008_005907 0.8112 30.3290 158.5251 239.1705 223.7293
2008_005907 0.6215 153.5535 141.6830 438.9702 246.6844
2008_005907 0.6078 57.2370 148.6134 302.9261 245.8850
2008_005907 0.5620 22.4775 157.7140 183.7926 201.4741
2008_006082 0.7580 49.7017 35.7183 487.1843 349.8049
2008_006109 0.9974 21.8248 126.8818 135.4004 169.4987
2008_006169 0.9596 18.2750 31.1718 344.7810 473.1399
2008_006200 0.9826 443.8396 152.7678 500.0000 210.3465
2008_006200 0.9677 0.0000 124.5035 240.2457 241.4394
2008_006200 0.9150 0.0000 106.2397 427.8754 231.6611
2008_006200 0.6965 347.2375 200.1010 454.9897 223.9344
2008_006216 0.8278 235.5035 74.3793 458.8318 201.4595
2008_006269 0.9961 41.9882 238.6105 228.6132 314.8106
2008_006269 0.9943 48.8279 114.8662 312.5644 211.2470
2008_006269 0.9295 127.6123 139.6629 324.3184 208.6472
2008_006269 0.8935 34.3523 116.5906 191.0659 186.5755
2008_006394 0.9823 445.0101 184.2287 499.4776 199.5758
2008_006394 0.9231 32.0885 120.6966 417.0901 234.6873
2008_006394 0.7305 111.2221 150.2032 423.8381 232.0433
2008_006463 0.9723 7.9543 64.1213 476.1376 283.2307
2008_006548 0.9618 7.7482 132.8352 383.6390 218.2581
2008_006604 0.9959 15.8123 76.9682 500.0000 371.1987
2008_006621 0.9996 0.0000 88.5005 487.8598 224.6090
2008_006631 0.9565 15.1420 82.6445 369.2455 309.2021
2008_006631 0.8736 0.0000 50.1361 500.0000 328.8130
2008_006631 0.7332 199.9413 33.7530 500.0000 331.6425
2008_006671 0.9720 38.9498 52.8694 500.0000 249.8430
2008_006671 0.6437 202.9478 39.6243 500.0000 276.0854
2008_006703 0.9938 52.6961 139.6558 334.7491 222.2236
2008_006703 0.5346 96.6722 165.9028 338.4302 222.0732
2008_006777 0.9977 6.1379 85.6949 462.4006 265.4238
2008_006777 0.9968 361.7815 58.7535 500.0000 110.5411
2008_006777 0.9707 207.1343 49.2226 275.6021 75.3666
2008_006777 0.8328 189.1675 45.3714 289.3428 77.3529
2008_006777 0.5047 202.7518 57.8756 266.8618 76.2997
2008_006833 0.8321 13.7216 21.0542 322.9862 266.3687
2008_006896 0.9994 0.3891 100.4763 489.0621 266.7941
2008_006951 0.9949 142.1370 99.3504 460.2664 204.1374
2008_006980 0.9563 309.2333 210.5209 500.0000 299.0528
2008_007096 0.9996 26.6200 167.4921 486.2383 312.5280
2008_007096 0.9420 419.7849 130.0465 478.8036 150.8358
2008_007229 0.9973 17.3839 91.3558 440.5854 232.8594
2008_007229 0.8398 413.1814 144.5340 449.5451 181.5061
2008_007350 0.9983 24.5631 142.8472 499.9305 258.3963
2008_007374 0.9189 0.0000 60.2776 500.0000 333.0000
2008_007374 0.7971 1.0463 293.1718 153.0499 331.3311
2008_007374 0.6719 186.8576 16.0514 498.8619 333.0000
2008_007409 0.7995 88.5198 117.2034 301.2272 189.6940
2008_007458 0.9990 170.8777 92.6586 244.1712 178.2536
2008_007480 0.9734 19.8264 33.5692 493.1370 274.9815
2008_007480 0.8285 0.0000 98.6996 79.4597 143.4995
2008_007480 0.6518 0.0000 115.3907 500.0000 298.8461
2008_007480 0.6127 21.1643 10.7043 329.1397 265.7256
2008_007480 0.5676 191.9627 26.9084 496.6914 295.0641
2008_007579 0.9678 70.1001 63.1744 489.9193 269.8775
2008_007579 0.8862 224.9899 68.1954 495.0964 263.0797
2008_007618 0.9514 43.4478 90.9555 431.4511 205.4000
2008_007690 0.9983 94.7462 36.2867 229.2799 86.7954
2008_007690 0.8036 240.3873 420.2931 296.4029 431.5642
2008_007738 0.9947 0.0000 99.2122 437.6136 250.3961
2008_007738 0.5627 233.1021 80.4784 263.6217 94.0180
2008_007764 0.9990 150.1395 100.5159 367.3267 200.6111
2008_007836 0.9746 227.0553 145.7727 283.9132 212.9693
2008_007884 0.9595 127.9457 71.3386 360.0252 157.6024
2008_007970 0.9968 23.5869 52.0679 500.0000 255.5974
2008_007970 0.6721 148.8534 27.6097 481.2015 301.0161
2008_008025 0.9861 38.1639 54.1911 300.3222 155.3619
2008_008025 0.9858 338.1682 112.0818 441.8084 163.8879
2008_008025 0.6042 297.0076 106.6162 464.0693 162.9371
2008_008044 0.9985 0.0000 90.3419 488.8707 247.3630
2008_008044 0.7449 0.0000 87.2020 294.6264 252.0020
2008_008050 0.5953 34.4904 49.1841 463.1582 287.7810
2008_008053 0.9776 407.6097 168.6998 431.7506 182.4364
2008_008053 0.9525 357.9367 186.8144 380.9342 196.1376
2008_008053 0.9501 315.1054 177.7497 339.7942 188.1154
2008_008053 0.9499 309.3978 202.2296 332.0339 212.6966
2008_008053 0.9491 63.2239 192.4950 87.8585 205.4805
2008_008053 0.9045 121.3890 206.2438 146.0988 217.4734
2008_008053 0.8012 170.7704 188.5341 197.8720 197.5978
2008_008053 0.7499 183.1142 215.5302 203.0061 224.9751
2008_008053 0.6843 242.8511 210.0330 265.1982 232.4660
2008_008053 0.5357 310.9670 196.4746 333.1264 213.9817
2008_008086 0.9892 156.6692 236.4747 336.4242 324.5884
2008_008096 0.9742 12.0688 132.5237 467.7268 331.2910
2008_008130 0.9924 7.1484 28.4705 488.1313 346.7209
2008_008130 0.6543 102.7525 28.3247 490.2893 262.5112
2008_008130 0.6014 17.2807 140.1831 395.5848 350.9791
2008_008146 0.9982 229.0718 116.1360 276.6866 147.1976
2008_008179 0.9703 307.0470 134.5603 422.0295 165.3501
2008_008179 0.8544 53.5524 137.9232 172.1619 173.9576
2008_008179 0.7963 42.7414 137.5734 224.3771 180.4796
2008_008179 0.7864 163.5198 137.8246 318.4229 168.6654
2008_008179 0.5971 36.3428 138.5036 133.9712 175.5493
2008_008191 0.9977 40.0765 52.5115 296.6974 143.8326
2008_008231 0.9676 52.9248 76.7955 93.4880 103.9365
2008_008254 0.9949 118.1880 232.7829 451.7054 334.3895
2008_008278 0.9970 2.2273 32.7689 412.0045 283.9157
2008_008278 0.9836 45.5338 72.7153 494.0430 309.4874
2008_008278 0.9712 8.9572 25.1842 343.1711 177.5493
2008_008359 0.9966 14.1283 86.6879 500.0000 219.9585
2008_008359 0.9473 7.3601 132.0551 437.7199 219.0938
2008_008359 0.6576 211.4139 90.6298 498.6510 210.1113
2008_008373 0.9945 8.4852 106.0462 488.1971 221.3276
2008_008424 0.9973 2.4295 76.5232 492.2775 267.3635
2008_008424 0.6897 164.0536 49.7712 493.9686 259.8263
2008_008446 0.9958 222.4266 77.8222 309.9825 157.5838
2008_008467 0.9784 55.4666 64.7658 170.5739 99.0317
2008_008467 0.9769 261.0412 185.4380 366.9669 217.4165
2008_008467 0.9674 197.9459 143.5161 303.3005 176.3926
2008_008467 0.9280 127.5368 104.3316 238.3314 137.5501
2008_008467 0.9263 319.2921 228.0183 418.3382 256.9702
2008_008488 0.6705 400.5718 148.9991 499.5938 204.6586
2008_008501 0.9924 0.0000 24.0754 482.0097 169.7071
2008_008501 0.6938 191.8056 22.5642 487.9808 170.4248
2008_008519 0.9727 35.6582 116.1782 484.6183 248.2011
2008_008519 0.5016 80.1049 118.1255 357.8672 244.2990
2008_008570 0.9925 73.0198 120.8247 483.8855 318.0023
2008_008676 0.8049 16.6957 9.2926 386.3047 182.0754
2008_008765 0.9938 106.4861 109.2125 447.5728 237.3702
2009_000032 0.5147 140.6575 103.2806 491.9529 227.8632
2009_000084 0.7244 0.0000 70.9410 474.7992 309.8906
2009_000084 0.5519 9.6714 54.3577 491.0867 195.0810
2009_000102 0.5164 12.5944 30.9054 405.9133 227.0586
2009_000205 0.9901 0.1117 93.7669 485.6789 225.2993
2009_000205 0.6258 2.9931 101.2220 286.0113 212.4304
2009_000225 0.5690 68.7748 145.9184 434.5399 267.2197
2009_000260 0.9317 5.4725 123.7474 484.7182 222.7692
2009_000387 0.9992 60.3195 126.7877 478.6796 263.1603
2009_000397 0.9684 59.3650 90.6895 456.8048 270.7086
2009_000417 0.9997 9.9981 16.0410 491.8583 189.1008
2009_000417 0.9675 4.7367 62.6247 362.7693 200.1118
2009_000440 0.9836 23.0935 109.1079 488.3170 231.5606
2009_000513 0.9604 10.6958 119.3698 472.7689 221.0693
2009_000513 0.6098 152.3384 138.7789 490.6325 219.4396
2009_000545 0.9932 108.3507 141.3501 362.4972 234.7469
2009_000625 0.9854 279.2367 159.3845 299.5230 182.9291
2009_000661 0.9344 118.1251 28.7634 187.9898 53.2516
2009_000661 0.8318 13.4316 161.8022 490.1826 362.0460
2009_000734 0.9990 13.5707 55.3412 483.1782 216.3427
2009_000817 0.9996 41.8722 79.7808 485.3213 232.3202
2009_000817 0.7016 48.0181 119.6089 422.5487 226.2026
2009_000909 0.9991 16.9603 4.2019 337.9440 291.5236
2009_001090 0.9081 41.7224 94.6491 372.1567 209.2069
2009_001090 0.6076 162.6041 94.8782 375.4366 181.9883
2009_001195 0.9918 16.8655 9.5360 486.7270 261.3209
2009_001195 0.7598 55.5636 11.6211 478.4615 167.2123
2009_001195 0.6023 20.1481 104.3989 462.6640 282.1547
2009_001316 0.9947 12.3477 38.1620 478.0085 273.0411
2009_001321 0.8072 58.4082 1.6638 489.4478 281.9724
2009_001332 0.9988 17.4459 77.6778 484.1063 217.8849
2009_001345 0.9990 63.8946 31.2895 500.0000 336.8880
2009_001387 0.9997 0.0000 63.9514 471.6403 238.7343
2009_001431 0.8202 238.5838 199.7773 371.5652 245.1562
2009_001501 0.9990 31.6639 91.0889 482.1223 263.9512
2009_001509 0.9535 0.0000 58.6793 500.0000 248.6959
2009_001549 0.9992 9.9291 87.4904 500.0000 256.0242
2009_001549 0.5234 11.6659 128.9533 405.4956 261.3290
2009_001696 0.9994 46.6951 38.5448 489.1092 145.5044
2009_001696 0.9554 1.6828 91.0873 35.8533 109.9660
2009_001696 0.5857 20.7907 40.3143 345.0120 135.8002
2009_001713 0.9950 37.1900 91.6196 387.2725 213.3492
2009_001820 0.7197 203.2633 161.9361 300.7442 188.1588
2009_001850 0.9082 59.3405 73.8160 396.8752 170.2907
2009_001851 0.9992 22.8540 110.3046 467.3187 266.3978
2009_001858 0.9959 172.7027 96.7218 221.9978 177.5166
2009_001905 0.9841 237.2130 149.7040 346.3721 180.3829
2009_001940 0.9357 62.6657 101.8884 369.9316 242.3549
2009_001941 0.5051 77.9420 62.4101 500.0000 300.5862
2009_002011 0.9965 0.0000 31.3440 471.9032 306.1662
2009_002011 0.6110 5.3949 9.7420 290.2693 321.0414
2009_002047 0.9933 21.3169 86.3684 435.0417 224.6874
2009_002191 0.9902 34.7396 125.2281 448.2347 244.9782
2009_002199 0.9980 215.1676 27.8682 453.0887 103.4592
2009_002199 0.9977 39.4676 235.4902 253.3024 311.5796
2009_002211 0.9962 3.8149 60.3387 500.0000 235.8415
2009_002272 0.9922 45.8548 65.0779 428.2353 224.1036
2009_002320 0.9988 185.7839 76.8009 353.4289 186.7255
2009_002393 0.9993 214.5673 94.5461 340.4471 132.1980
2009_002432 0.9988 14.1263 63.7304 485.7623 209.8282
2009_002488 0.7950 0.0000 0.0000 455.7781 344.1528
2009_002531 0.9904 48.6109 82.9208 500.0000 193.3886
2009_002531 0.7786 183.2043 116.2220 485.2170 192.7361
2009_002531 0.5152 50.8836 79.4611 404.0546 168.4641
2009_002614 0.9997 8.6335 76.0732 419.4573 273.7451
2009_002680 0.6311 20.2239 71.7281 402.9513 239.3725
2009_002680 0.5508 91.7766 129.1922 321.2179 241.7321
2009_002752 0.9945 48.0641 125.1502 476.7716 247.5840
2009_002752 0.9446 8.2044 37.9136 325.8609 154.2903
2009_002752 0.8989 31.5130 78.1275 444.3189 229.9336
2009_002752 0.5246 148.1447 201.8814 281.9510 251.0093
2009_002765 0.9996 123.6607 112.4135 204.4868 195.5471
2009_002808 0.9996 0.0000 40.9059 333.0000 447.4600
2009_002808 0.8427 4.2718 22.1559 314.0992 298.6721
2009_002888 0.9962 28.1327 59.0354 489.1394 233.3893
2009_002888 0.9594 15.6534 79.4650 329.8695 241.9019
2009_002888 0.8373 11.1743 136.9043 227.3600 248.3824
2009_002888 0.7979 184.0841 51.2062 488.4700 184.9501
2009_002910 0.9971 28.5526 103.2928 465.3056 225.6735
2009_002910 0.6833 20.5725 149.4550 60.0911 173.9931
2009_002910 0.5091 20.6882 138.8808 383.9698 227.5036
2009_002941 0.9993 0.0000 50.3006 478.3618 223.2105
2009_003005 0.9993 83.9367 73.4425 488.1596 224.5217
2009_003033 0.9963 106.9481 116.8516 446.2479 201.3102
2009_003097 0.9986 196.9288 91.0593 408.5338 155.2904
2009_003153 0.9994 18.2024 79.8017 480.5796 249.2552
2009_003153 0.9311 15.3818 155.4449 328.7841 244.3636
2009_003199 0.9992 12.3334 100.6886 500.0000 260.4678
2009_003199 0.7627 417.6958 194.5774 500.0000 234.8907
2009_003199 0.6483 0.0000 157.4497 377.9717 255.3593
2009_003278 0.9863 11.1218 70.7785 500.0000 260.6274
2009_003351 0.6314 12.7397 122.6198 482.5732 332.1050
2009_003372 0.9992 10.3696 63.2263 492.6117 221.5458
2009_003456 0.9964 0.0000 39.3277 495.7980 252.3907
2009_003456 0.6711 0.0000 37.5596 299.3419 249.0286
2009_003544 0.8144 30.1332 100.2218 329.8428 449.4182
2009_003571 0.9958 0.0000 89.5367 479.2031 204.1829
2009_003635 0.9978 42.5856 59.6496 471.4400 260.1970
2009_003635 0.8334 186.5177 193.4696 376.9783 275.3275
2009_003696 0.9990 46.5942 49.2149 500.0000 218.6833
2009_003696 0.9181 222.4151 53.3547 500.0000 215.1908
2009_003696 0.5823 39.7529 108.5251 464.2216 221.3862
2009_003704 0.9796 134.1706 96.5342 450.6076 226.5597
2009_003805 0.9952 113.4429 146.1715 380.0503 230.5514
2009_003806 0.9992 23.5071 77.1310 478.6261 213.6961
2009_003947 0.9983 20.8506 105.1631 491.0464 225.2244
2009_003950 0.9975 0.0000 111.1590 500.0000 234.2551
2009_004075 0.9419 9.7134 7.8175 480.3573 215.8862
2009_004075 0.9300 8.7033 6.3362 284.1471 333.0000
2009_004075 0.8156 7.4208 22.4072 496.2469 329.0251
2009_004108 0.9985 33.5421 87.9109 473.6315 212.4572
2009_004203 0.9931 18.3366 107.7002 479.6122 213.7228
2009_004324 0.5618 12.8137 29.7308 426.3575 289.9868
2009_004414 0.9563 27.2145 76.0457 460.1365 255.4142
2009_004414 0.8778 7.4680 96.8728 328.2234 260.5108
2009_004414 0.5397 204.1122 108.4210 474.1542 224.3591
2009_004535 0.9996 63.7677 158.7054 372.9200 258.8304
2009_004548 0.9734 104.2307 156.0097 367.6287 251.6178
2009_004548 0.7888 67.2041 135.5748 486.0916 252.5242
2009_004601 0.9970 25.0120 90.0243 481.7348 217.5114
2009_004653 0.9990 20.8687 159.2447 225.5281 214.5609
2009_004812 0.9882 29.6573 117.9109 466.6733 270.5033
2009_004820 0.9729 2.9487 78.7668 459.6176 281.9243
2009_004820 0.6021 188.7727 11.4684 468.5893 286.8308
2009_004820 0.5346 192.0982 142.3076 338.2964 276.3577
2009_004820 0.5203 26.1211 100.0629 214.5675 232.5145
2009_004858 0.8429 97.0691 227.5962 210.7862 254.3840
2009_004917 0.9979 0.0000 64.7887 494.5884 266.6661
2009_004969 0.8975 31.0142 120.4355 406.6389 269.5732
2009_005019 0.9964 6.1637 96.4717 484.5077 210.3892
2009_005019 0.6333 11.3460 58.2782 379.5421 223.0000
2009_005019 0.5256 10.5924 95.5439 209.3806 181.8369
2009_005036 0.9632 174.9581 172.9356 488.7202 291.7804
2009_005036 0.9330 89.3135 139.7779 483.7159 298.2658
2009_005036 0.5992 304.0280 172.9961 484.9919 288.0349
2009_005111 0.9994 13.8374 69.7257 480.2704 223.5217
2009_005152 0.7732 229.6120 102.5716 275.4380 122.8632
2009_005189 0.9917 28.3956 95.7813 494.2966 212.0091
2009_005189 0.7860 29.8972 116.8014 363.3678 213.6373
2009_005210 0.9978 8.8252 91.5738 498.7185 228.1767
2009_005215 0.9885 34.6003 83.6612 431.6028 210.6193
2009_005232 0.9627 44.1345 59.6274 457.6632 314.8754
2010_000193 0.9947 6.8323 33.2443 487.7347 321.2518
2010_000193 0.9783 29.7120 104.2977 348.4773 310.1073
2010_000193 0.6769 0.0000 18.9213 268.3727 321.7880
2010_000196 0.6107 32.0786 43.4112 500.0000 330.9250
2010_000238 0.9892 246.0125 9.9161 500.0000 233.3555
2010_000260 0.9998 0.0000 20.6014 500.0000 342.0867
2010_000260 0.7794 0.0000 69.9245 254.2821 342.6561
2010_000295 0.9980 132.5665 126.2761 326.9536 210.6170
2010_000308 0.9988 20.8897 54.0898 500.0000 304.0711
2010_000308 0.9163 248.0927 47.7060 500.0000 336.5081
2010_000418 0.9894 152.7228 102.6848 490.0060 218.8233
2010_000418 0.6492 27.2000 96.8928 419.2370 217.5611
2010_000418 0.5307 11.8397 112.0142 262.3449 192.6171
2010_000541 0.9995 42.0585 20.7406 393.6830 291.1838
2010_000572 0.8834 58.5349 152.9072 383.0417 238.9969
2010_000572 0.7010 48.9413 151.1928 432.5933 276.8434
2010_000622 0.9521 3.4852 134.0456 364.0503 253.7970
2010_000624 0.6282 16.1278 0.0000 492.1344 342.0359
2010_000802 0.9986 254.5203 125.7670 438.1829 245.2826
2010_000981 0.9949 66.8317 112.5702 466.1762 238.5640
2010_001017 0.9976 114.2365 128.4847 342.0067 305.3136
2010_001024 0.9043 0.0000 59.6964 410.2057 332.0000
2010_001085 0.9850 24.8659 85.6110 375.0000 419.1952
2010_001174 0.9981 0.0000 96.5888 487.0031 239.6935
2010_001174 0.5809 5.1976 126.1139 359.2027 235.9418
2010_001214 0.9987 331.1667 144.7000 379.6954 164.7288
2010_001294 0.9986 22.1229 74.6646 478.3675 207.0205
2010_001426 0.9997 34.4276 48.7965 472.9926 227.3647
2010_001448 0.9999 129.1955 16.0912 436.2815 332.4623
2010_001505 0.9996 5.2169 40.1579 500.0000 300.7497
2010_001652 0.9949 95.5335 92.7935 472.0160 229.7547
2010_001836 0.9919 260.5468 156.8515 348.0631 179.6036
2010_001950 0.9965 63.0365 71.5917 428.7485 214.0129
2010_001950 0.5425 269.0708 109.2068 439.7101 212.0571
2010_002019 0.9709 54.4938 108.1068 428.5422 225.7009
2010_002085 0.9958 0.0000 90.2181 461.8192 375.0000
2010_002085 0.7639 171.7960 88.3454 494.3264 375.0000
2010_002147 0.9993 13.0896 17.7323 483.4674 276.1265
2010_002147 0.9755 82.8540 109.7436 491.3518 291.8857
2010_002147 0.7265 25.4192 16.4057 275.4917 234.6861
2010_002147 0.5137 84.5715 123.1264 486.4384 216.2432
2010_002200 0.9885 73.6572 99.9321 416.2279 204.9832
2010_002229 0.9709 166.0559 27.3900 202.3182 60.0265
2010_002229 0.6558 101.0809 36.7119 322.6824 333.0000
2010_002289 0.9994 37.0832 126.6422 299.5199 219.1054
2010_002310 0.9895 60.6501 136.5288 433.2883 269.3767
2010_002357 0.9863 68.7352 75.7970 463.2205 210.5231
2010_002357 0.5401 77.5738 136.1622 429.3548 212.4715
2010_002460 0.9263 218.5468 206.6835 347.4377 249.2091
2010_002542 0.9917 20.5315 109.2264 468.3037 213.2375
2010_002579 0.9967 82.9324 166.4847 306.8958 242.6611
2010_002638 0.9923 19.2919 69.2857 395.1051 259.4174
2010_002695 0.9982 20.1251 40.6828 500.0000 299.6219
2010_002695 0.8339 7.1987 106.4191 364.8231 305.1832
2010_002827 0.8904 4.9701 21.6579 500.0000 141.8517
2010_002939 0.9879 21.5387 44.8399 489.6900 182.0937
2010_002954 0.9984 5.0206 106.5219 500.0000 255.4543
2010_003051 0.9953 71.0828 125.0899 500.0000 259.8658
2010_003054 0.9986 161.3589 47.5865 346.1298 115.8959
2010_003127 0.9977 10.8237 135.9226 253.3847 206.0501
2010_003127 0.9749 371.9146 163.1253 490.5587 202.2941
2010_003127 0.9501 299.7501 167.4046 421.7869 202.3847
2010_003127 0.8470 396.6565 164.4246 451.0276 197.0196
2010_003127 0.7494 299.4761 167.8855 380.8578 198.6743
2010_003127 0.7369 227.5567 168.3270 341.4122 199.8908
2010_003127 0.7171 219.3691 170.0858 253.0650 192.3016
2010_003127 0.5749 322.0501 166.3398 477.2924 203.8770
2010_003132 0.9654 0.0000 71.9811 500.0000 289.7184
2010_003279 0.9882 32.3386 58.4925 483.6157 175.5095
2010_003361 0.8610 31.2380 57.8282 477.8271 285.5603
2010_003361 0.7482 185.4174 86.4818 498.3559 312.1186
2010_003365 0.9958 0.0000 27.8580 477.6545 261.9495
2010_003365 0.8341 5.6901 23.6931 301.8126 241.5346
2010_003365 0.7684 145.9408 67.8932 498.3246 242.5883
2010_003458 0.9996 69.3504 56.3578 466.5855 354.6003
2010_003495 0.9990 79.1229 3.1540 437.3269 296.2147
2010_003496 0.9956 7.9956 107.6061 239.9683 193.7867
2010_003496 0.9766 0.0000 66.4392 463.6976 319.2766
2010_003496 0.8059 15.2046 130.3009 348.2240 310.0544
2010_003496 0.6344 14.6910 104.0226 279.9391 230.0037
2010_003496 0.6248 8.6474 201.4346 472.4289 326.6685
2010_003559 0.9661 39.2961 147.5417 481.0797 274.0335
2010_003559 0.5307 186.3923 142.0818 491.4467 304.1439
2010_003559 0.5200 59.0101 156.3267 371.3946 255.9966
2010_003610 0.8070 119.9745 50.9868 463.0872 230.4262
2010_003610 0.6067 291.5606 46.8015 475.5608 279.8283
2010_003655 0.9925 51.1303 5.1341 480.4413 220.1555
2010_003716 0.9906 0.0000 101.3310 500.0000 227.3286
2010_003723 0.9884 63.0170 59.3732 439.7150 255.3039
2010_003723 0.8196 59.5194 50.7821 492.4864 339.7466
2010_003723 0.7013 60.1698 89.2210 351.3140 213.3631
2010_003801 0.9975 0.0000 8.7199 483.4574 295.0663
2010_003801 0.9898 257.4346 5.7010 493.1704 174.5276
2010_003801 0.9802 37.9806 6.9269 499.6714 199.4078
2010_003801 0.5213 405.0893 5.3411 500.0000 117.0542
2010_003915 0.9991 220.1655 129.6348 380.8358 279.6482
2010_003933 0.9917 0.0000 72.1571 500.0000 279.1354
2010_003983 0.9060 0.0000 10.6406 500.0000 277.3057
2010_004010 0.9988 5.1336 71.9541 439.6692 269.3511
2010_004010 0.7292 338.0057 141.8224 500.0000 235.3690
2010_004010 0.6657 132.9079 69.6306 500.0000 276.1804
2010_004010 0.6268 20.8818 83.4918 164.5733 230.9545
2010_004010 0.5266 89.8489 114.2146 390.0907 257.0481
2010_004063 0.9790 130.1302 152.8080 404.2522 274.3929
2010_004184 0.9932 17.4949 96.6758 488.1439 205.2347
2010_004238 0.9982 39.7168 70.6316 429.9127 173.9825
2010_004238 0.6961 107.3148 90.4901 441.5333 166.8767
2010_004238 0.6359 22.5164 67.9662 243.3772 153.5314
2010_004312 0.9990 27.8877 120.3679 492.4459 273.6190
2010_004314 0.9714 88.2296 132.2854 450.0245 242.3910
2010_004314 0.9250 41.2829 154.8988 165.8038 200.0685
2010_004404 0.9691 65.2639 126.5502 276.2132 390.9713
2010_004404 0.5473 63.9055 188.5905 231.1757 381.5314
2010_004419 0.9994 0.0000 147.3131 451.8388 311.1909
2010_004419 0.7252 33.1960 214.3865 491.2231 316.6453
2010_004455 0.9569 4.5187 122.2823 482.8764 274.3537
2010_004455 0.7416 83.5761 45.0016 484.7316 311.5642
2010_004455 0.6213 98.1379 122.8540 461.8928 237.9153
2010_004557 0.9958 158.2943 58.5327 460.6927 166.0757
2010_004608 0.9448 180.8437 138.4101 270.8031 170.7643
2010_004748 0.9995 153.5639 66.3888 332.3741 263.2794
2010_004817 0.9991 0.4520 224.9897 242.9299 310.2854
2010_004856 0.6049 74.1283 6.3058 480.1495 149.8738
2010_004917 0.9993 294.8331 188.3017 374.2843 267.9064
2010_004998 0.9918 49.1402 118.3420 456.2964 271.1188
2010_005059 0.9965 162.4866 152.6069 309.5080 243.0990
2010_005087 0.5409 9.4654 12.1496 464.2341 372.9287
2010_005167 0.8851 47.5240 136.9510 458.3261 293.0831
2010_005184 0.9968 49.0876 119.3098 346.2600 246.5782
2010_005224 0.9986 137.7822 22.9794 186.9915 58.0560
2010_005224 0.9974 14.4742 241.4161 280.4944 327.3253
2010_005268 0.9993 43.9044 43.2601 428.3248 289.0446
2010_005382 0.9985 41.4244 54.1291 500.0000 189.8220
2010_005534 0.9882 171.8017 108.0009 474.2719 228.5620
2010_005718 0.9254 60.8849 16.6569 493.3845 235.9334
2010_005718 0.8457 219.7918 16.7174 499.8321 224.9779
2010_005718 0.6161 250.7888 134.3953 480.7880 225.5669
2010_005761 0.9876 198.8077 135.6428 321.3894 185.4695
2010_005877 0.9982 169.3980 95.8303 449.6981 196.3589
2010_005888 0.9986 119.5367 143.4270 277.5764 274.0517
2010_005953 0.9821 34.2447 86.4517 416.3998 209.4256
2010_005953 0.9767 291.6353 227.0961 500.0000 331.5818
2010_005953 0.8878 90.0878 207.1371 500.0000 323.7579
2010_005953 0.6968 103.6765 86.4052 335.3824 213.3860
2010_005980 0.5403 74.2472 37.0403 202.1450 94.5207
2010_005998 0.9987 100.2756 199.9072 493.0680 291.6951
2010_006032 0.5722 0.0000 38.6069 289.4148 334.0000
2010_006034 0.9982 17.0725 91.7571 467.7254 278.6696
2010_006034 0.7797 136.0001 152.6502 490.3248 265.6931
2010_006082 0.9988 132.5271 115.8676 486.8513 258.2307
2011_000103 0.9971 28.6216 100.1741 485.5246 221.1832
2011_000129 0.9987 250.6212 140.1560 342.0661 172.2781
2011_000129 0.9952 119.8066 164.2670 209.4131 193.5121
2011_000129 0.9927 370.9800 126.8401 472.4241 156.1836
2011_000163 0.9968 178.0254 65.5744 328.2467 163.0365
2011_000276 0.9977 0.9065 33.5481 500.0000 323.6604
2011_000481 0.9896 189.3413 79.6776 300.0620 206.8129
2011_000592 0.9981 32.2358 81.2199 458.4680 236.6940
2011_000592 0.6854 102.1130 147.5720 462.3372 240.0800
2011_000656 0.9989 41.9624 54.6224 481.6642 231.5179
2011_000807 0.9988 47.1428 80.6312 202.4707 132.0734
2011_000872 0.9929 84.5514 94.5738 374.7384 244.3916
2011_000874 0.9965 1.1763 79.3812 500.0000 192.0412
2011_000874 0.9775 0.0000 86.6983 232.9098 180.6165
2011_001044 0.9843 113.5252 130.3892 430.3300 205.9402
2011_001081 0.9968 30.9705 3.0087 467.5917 310.7184
2011_001081 0.5736 140.2534 75.3276 457.2180 311.4631
2011_001114 0.9960 88.5962 121.9986 428.6819 210.4781
2011_001158 0.9862 3.7845 280.6787 88.4236 346.7870
2011_001158 0.9132 331.7643 264.0452 375.0000 343.5497
2011_001158 0.9088 0.0000 27.5575 375.0000 369.1237
2011_001158 0.8787 331.6646 319.6132 373.4386 342.3157
2011_001263 0.9986 178.8462 40.4957 390.9517 105.0807
2011_001263 0.9968 29.8961 268.8497 133.5111 304.9776
2011_001263 0.7696 41.7892 266.7984 168.6080 302.1829
2011_001263 0.6368 87.8227 269.1811 127.1412 301.4728
2011_001315 0.9997 26.3403 124.2398 480.8146 285.2388
2011_001407 0.9992 10.9938 86.0901 493.0090 223.3204
2011_001434 0.9986 5.9727 7.7203 450.1953 314.7267
2011_001434 0.9289 0.8767 75.9746 282.3441 322.8897
2011_001434 0.9062 13.6973 128.3796 493.8299 321.2605
2011_001434 0.6392 148.1444 30.8697 496.8233 333.0000
2011_001489 0.7405 145.4678 196.6322 194.9046 208.8535
2011_001541 0.9759 139.2437 95.8037 484.6944 208.8815
2011_001541 0.9405 23.8477 102.1831 195.9156 169.9735
2011_001624 0.9948 97.8611 149.1429 359.0679 216.0867
2011_001699 0.9991 18.5260 72.4498 441.7821 253.2816
2011_001800 0.9937 82.5619 97.0365 242.2904 158.2992
2011_001824 0.9874 39.8309 111.7020 487.5539 239.4418
2011_001824 0.7500 70.9605 212.0206 486.7622 330.2486
2011_001824 0.6329 23.0607 161.7660 500.0000 316.7001
2011_001858 0.9993 19.0663 94.9279 500.0000 338.3266
2011_001858 0.6326 200.1757 299.5277 311.9143 345.6749
2011_001880 0.9752 40.2475 96.9502 500.0000 297.4473
2011_001880 0.6681 6.8174 37.0800 389.4974 349.3877
2011_001951 0.5549 0.0000 243.4443 127.0340 307.0258
2011_001962 0.9691 73.3673 149.7313 434.5397 256.8782
2011_002016 0.5419 28.3694 74.1547 497.9467 349.4110
2011_002091 0.9991 14.4811 67.0551 387.9477 245.8624
2011_002132 0.9985 137.2210 105.8221 356.5986 239.3678
2011_002132 0.9859 251.5615 195.3399 331.2295 243.4248
2011_002132 0.6854 145.6957 115.6833 232.2410 165.1123
2011_002193 0.9295 119.2978 85.0149 334.0716 183.7785
2011_002193 0.8564 109.9937 76.6470 458.9142 182.8789
2011_002269 0.9992 81.9594 0.0000 381.1441 334.6824
2011_002327 0.9939 17.5727 33.5650 500.0000 263.0376
2011_002380 0.9959 119.2895 161.7207 500.0000 303.3885
2011_002494 0.9989 66.0285 84.3638 493.5023 249.3060
2011_002494 0.6337 228.3043 58.8323 500.0000 239.2878
2011_002515 0.9020 39.6839 75.5996 492.7912 221.5043
2011_002515 0.8545 212.9854 140.3887 319.5959 220.2201
2011_002515 0.6984 113.7717 125.7173 332.7512 215.2950
2011_002515 0.5266 81.9129 93.4147 336.9134 208.2402
2011_002605 0.6791 70.0852 102.7588 299.9133 179.6944
2011_002605 0.5627 382.4131 133.9786 447.4012 152.1175
2011_002605 0.5428 167.7015 113.9023 295.5765 174.2181
2011_002617 0.9910 44.2571 63.5344 479.5466 318.7478
2011_002675 0.8090 119.8212 7.0974 469.4576 209.1438
2011_002675 0.5267 67.2783 49.7834 485.6307 319.6082
2011_002751 0.7738 16.0914 0.0000 500.0000 188.8831
2011_002929 0.9878 8.6771 125.8237 453.5373 225.3998
2011_002992 0.9988 0.0000 15.9121 478.4253 329.6966
2011_002992 0.9227 0.0000 17.1879 271.9340 327.8722
2011_002993 0.9325 57.6689 182.2487 139.6549 229.9985
2011_002993 0.5508 58.5391 129.1524 144.7149 227.8630
2011_003012 0.9956 107.8219 0.0000 500.0000 375.0000
2011_003012 0.8953 355.6537 43.5201 415.1319 62.2326
2011_003012 0.7057 336.3253 32.7604 451.3707 64.2544
2011_003111 0.9993 0.0000 92.7602 500.0000 328.6264
2011_003176 0.9978 20.9757 86.3726 475.1391 218.9321
2011_003176 0.8690 319.0260 154.0716 477.4971 227.2782
2011_003176 0.6952 313.7255 191.5659 423.7716 230.4757
2011_003275 0.9994 30.8444 46.5349 448.8646 282.4138
