2008_000090 0.9212 341.8280 78.5899 393.0085 150.6125
2008_000133 0.9957 25.0231 18.5940 500.0000 326.2098
2008_000133 0.9535 207.4296 52.4144 500.0000 343.1185
2008_000133 0.8434 23.1170 17.4282 256.9627 307.4517
2008_000194 0.9376 188.9361 178.0827 320.9633 270.4963
2008_000466 0.8370 194.3416 93.3992 339.3297 266.9110
2008_000466 0.7803 81.8774 49.1593 452.3853 307.1743
2008_000466 0.6262 45.2034 70.0124 338.0100 287.7848
2008_000466 0.5474 125.8322 86.2006 336.1449 246.7844
2008_000466 0.5057 35.0298 109.8139 237.5199 233.7040
2008_000562 0.8950 131.8964 175.2514 397.0292 340.1628
2008_000725 0.9134 135.1173 94.8086 195.3029 237.1185
2008_000725 0.7016 117.5016 82.2695 214.2440 231.3464
2008_000803 0.9681 53.5215 72.2535 92.5050 175.4171
2008_000803 0.9551 164.0636 83.1948 266.5731 181.0865
2008_000803 0.9467 372.7467 128.1430 419.7314 221.3508
2008_000803 0.5694 271.7279 107.0014 357.2795 203.9509
2008_001225 0.9922 239.3992 198.1539 331.0983 286.9447
2008_001225 0.9623 125.4403 193.9048 253.1460 287.5296
2008_001225 0.9403 321.1498 194.5527 423.0493 283.4961
2008_001231 0.9749 227.3883 126.1679 311.9618 250.0963
2008_001404 0.9762 109.9191 283.6250 247.7868 500.0000
2008_001429 0.6293 122.1054 108.1939 464.0781 333.0000
2008_001715 0.8837 343.4304 99.9086 463.5982 253.8265
2008_001715 0.7873 360.3351 117.2484 456.5904 206.4464
2008_002269 0.9887 60.2940 34.7500 435.4855 345.9920
2008_002269 0.7409 407.0144 109.3362 500.0000 287.5448
2008_002269 0.7055 287.4459 54.0902 492.6321 355.2758
2008_002269 0.5810 15.6394 52.2783 311.6397 315.8817
2008_002322 0.9382 134.1288 166.1364 283.2314 291.3782
2008_002383 0.7324 171.3819 13.0206 239.2771 55.3258
2008_002631 0.9747 21.3770 219.6733 252.8413 500.0000
2008_002631 0.5688 81.5823 245.4028 191.0676 490.2898
2008_002631 0.5550 77.7659 180.6972 318.8259 467.0998
2008_002701 0.9919 25.3657 17.7792 500.0000 337.7024
2008_002701 0.9384 29.2723 18.0452 235.9338 311.2986
2008_002701 0.6465 272.0733 19.3829 498.8994 357.8650
2008_002701 0.6240 33.8816 39.5465 360.7557 305.0233
2008_002714 0.9834 0.0000 224.3424 266.0580 500.0000
2008_002883 0.9897 2.7481 24.5530 500.0000 327.8087
2008_002883 0.8315 1.3569 36.0328 278.1946 348.2662
2008_002883 0.6237 286.5071 42.5364 493.0210 321.5855
2008_003072 0.9497 175.6385 220.8187 199.0269 252.6819
2008_003108 0.9419 0.0000 184.4303 78.3220 323.7100
2008_003108 0.7931 0.0000 197.0139 41.9160 325.3679
2008_003205 0.9028 104.3692 148.8652 245.5671 279.5790
2008_003205 0.5195 139.6255 146.5750 362.5875 320.8878
2008_003270 0.9946 0.2116 20.7150 468.8089 341.7758
2008_003270 0.9123 174.8357 33.2771 500.0000 352.8513
2008_003270 0.7250 11.5758 31.0481 320.3268 246.7072
2008_003270 0.7132 1.6653 83.5535 256.2027 356.7616
2008_003270 0.5434 20.8329 139.0694 356.5785 359.4081
2008_003351 0.9123 304.1674 111.7016 360.4507 233.1737
2008_003395 0.8521 97.1459 360.6576 257.1413 484.5235
2008_003713 0.8891 35.4891 12.5977 340.6841 281.1473
2008_003713 0.7901 12.2457 41.1692 376.0868 354.1349
2008_003713 0.5758 193.6890 50.7900 266.0119 349.0501
2008_003768 0.9939 88.3806 136.0086 376.1654 340.4813
2008_003812 0.5117 114.0944 0.0000 339.9742 496.5242
2008_003940 0.9597 20.5770 67.8974 186.8602 359.1792
2008_003940 0.9182 22.0228 32.7309 266.7790 369.4818
2008_003940 0.5685 33.9940 147.3911 170.1300 375.0000
2008_004040 0.9557 271.9436 202.1689 391.9820 293.7382
2008_004040 0.6003 274.9574 193.4857 350.3406 292.9823
2008_004040 0.5272 210.2186 197.5450 264.8809 294.9892
2008_004101 0.9456 92.6308 231.7981 237.5170 371.6858
2008_004142 0.9891 309.9970 154.2040 391.4987 207.6658
2008_004142 0.9689 109.5703 166.2288 192.4090 213.3940
2008_004142 0.9070 192.2364 164.5142 267.0309 212.1421
2008_004363 0.9906 103.4742 171.2080 349.6483 340.2359
2008_004363 0.5535 67.4818 37.8567 419.4774 375.0000
2008_004363 0.5167 88.7390 94.4735 358.9180 354.8044
2008_004371 0.7204 257.9737 110.9003 306.5668 241.0087
2008_004482 0.7845 51.1955 164.5362 111.5213 279.9691
2008_004592 0.9891 13.9148 3.9650 447.6529 284.3334
2008_004592 0.9388 211.5483 20.6179 475.3113 274.9515
2008_004592 0.7668 5.2367 14.8912 290.7038 273.7498
2008_004654 0.8807 86.2922 244.1914 159.5353 466.1640
2008_004656 0.9893 232.5624 91.6111 287.6716 207.3817
2008_004758 0.9908 0.0000 79.5484 381.7834 342.9481
2008_004784 0.9863 175.6916 133.7243 243.7257 296.7589
2008_004832 0.8150 118.5929 171.9343 216.5002 402.0631
2008_004862 0.6962 165.2734 194.9048 265.6691 284.4127
2008_004898 0.6589 420.6024 79.2277 500.0000 370.5486
2008_004898 0.5987 444.7077 186.5632 500.0000 368.8133
2008_004995 0.9768 20.6619 145.6220 222.4555 319.3517
2008_005147 0.9846 117.4852 50.1990 453.7570 280.8212
2008_005147 0.5638 110.9014 58.5690 274.2852 272.5661
2008_005190 0.9913 199.7427 151.8339 374.6129 281.9189
2008_005276 0.7114 27.0471 371.7849 72.8768 454.4677
2008_005356 0.9632 73.8217 0.0000 440.4289 359.5247
2008_005393 0.6674 0.0000 82.1258 17.9820 123.3942
2008_005553 0.5610 140.4911 96.8359 360.1530 500.0000
2008_005553 0.5097 173.2050 260.5843 373.7101 479.5604
2008_005599 0.9668 123.5702 206.9037 458.0877 370.4286
2008_005599 0.9373 37.4714 145.2891 101.8523 293.2790
2008_005599 0.6760 67.8692 179.4975 296.6340 361.6381
2008_005601 0.7957 41.1338 126.1150 446.6134 352.8794
2008_005601 0.7055 191.9359 157.5113 487.2045 284.0048
2008_005727 0.9772 21.8026 88.3276 481.5539 358.1112
2008_005727 0.6412 32.3226 83.7823 311.5045 354.7048
2008_005808 0.9785 0.0000 163.7728 71.1783 302.3976
2008_005808 0.5765 230.5188 196.4346 414.5227 328.4919
2008_005846 0.9811 123.2778 114.1799 436.3591 358.7630
2008_005846 0.6549 106.5060 147.4347 322.0346 375.0000
2008_005978 0.9683 65.3785 250.0986 194.5140 492.3452
2008_006088 0.8373 41.1529 206.8154 270.3464 500.0000
2008_006088 0.8052 116.2569 256.0861 215.3033 497.1710
2008_006154 0.9770 77.4196 318.0497 162.1375 420.9368
2008_006154 0.9404 10.6370 325.6320 59.6392 397.2144
2008_006254 0.9704 137.5103 273.7443 214.5999 489.7580
2008_006254 0.8370 69.1843 28.2447 142.5078 175.5072
2008_006254 0.6195 168.8705 50.8078 245.7733 166.3747
2008_006254 0.5215 155.3603 304.9766 207.4751 480.6909
2008_006424 0.9615 132.0422 182.7771 321.4111 325.1707
2008_006441 0.5581 330.7750 131.3972 394.0226 268.2304
2008_006467 0.8226 54.9874 114.2726 381.5134 307.4890
2008_006519 0.9938 223.1181 200.6837 342.2666 302.9864
2008_006642 0.9599 157.6309 147.2240 247.8680 208.9096
2008_006642 0.5859 157.4612 151.5175 225.0580 200.2789
2008_006855 0.8062 127.7092 255.4449 186.6583 396.6733
2008_007019 0.9966 151.9714 182.3661 454.7497 366.0349
2008_007067 0.7892 343.9312 241.4366 445.5992 337.7881
2008_007103 0.9923 252.9066 216.1472 397.5060 287.4067
2008_007103 0.8323 231.7287 260.0970 402.2005 354.7141
2008_007184 0.8160 43.9830 174.0536 114.2281 245.2157
2008_007719 0.9985 205.8779 47.2694 500.0000 324.2716
2008_007719 0.9835 14.3664 19.9542 442.4768 322.6955
2008_007719 0.9709 422.9579 33.3069 481.1034 63.0192
2008_007719 0.9578 4.3059 13.8948 262.0494 313.9723
2008_007719 0.8581 348.5266 37.0799 500.0000 311.4628
2008_007719 0.6418 385.9971 35.0286 414.9756 65.0203
2008_007719 0.5671 395.7265 36.2234 419.6778 64.2934
2008_007766 0.9693 184.1556 184.1409 316.0853 428.6184
2008_007850 0.6888 171.8204 166.8994 227.9724 210.6326
2008_007872 0.9297 303.8889 290.7514 385.9825 341.7776
2008_007915 0.9780 30.2392 62.9165 421.9059 301.8490
2008_007935 0.9914 157.1097 122.8450 358.6420 238.5415
2008_007935 0.9699 1.5450 137.2353 46.9152 204.3136
2008_007942 0.7064 322.0662 112.4388 386.9040 273.7191
2008_007955 0.6131 253.4002 106.8518 400.8210 301.3000
2008_007993 0.5914 99.6801 128.0877 440.9063 392.7246
2008_008024 0.9216 0.0000 2.8431 480.4512 161.3605
2008_008024 0.7509 90.1427 11.5788 471.0594 248.5435
2008_008069 0.5978 89.9701 362.6428 291.7535 500.0000
2008_008069 0.5303 39.5921 271.6675 241.3659 492.6395
2008_008084 0.9432 64.6274 238.9816 248.1893 500.0000
2008_008084 0.5491 97.2130 270.3765 219.5386 496.7033
2008_008131 0.9932 53.6134 40.7926 407.0248 364.5318
2008_008131 0.7440 23.7514 18.7662 459.6017 231.8067
2008_008131 0.6468 165.0999 68.1852 329.5342 371.7385
2008_008141 0.8631 104.3002 153.0285 126.3918 168.5290
2008_008177 0.5491 4.4443 122.7265 43.3546 158.3901
2008_008210 0.9887 167.5389 190.9609 242.3542 317.8679
2008_008307 0.9394 46.8566 107.6137 410.1117 327.9810
2008_008320 0.9873 238.3007 126.6101 479.3517 348.4897
2008_008320 0.9826 3.9941 187.3321 274.0393 359.2052
2008_008337 0.8396 155.8282 124.6925 421.6012 342.9444
2008_008357 0.9546 298.1595 179.7138 354.0717 286.8257
2008_008357 0.9418 139.2761 165.6251 204.9776 279.9680
2008_008357 0.7526 375.6682 192.5752 420.9916 304.2067
2008_008357 0.6136 156.9197 162.8431 207.0309 260.4381
2008_008357 0.5881 373.2712 197.4153 425.0647 238.8061
2008_008443 0.8861 55.3154 299.9948 334.0000 495.2445
2008_008564 0.8426 196.2799 121.0404 313.9266 252.4587
2008_008611 0.9263 89.6486 115.8139 384.3976 287.6942
2008_008619 0.9397 253.8931 195.5497 500.0000 330.4322
2008_008619 0.8153 323.7057 232.7375 499.0286 329.4531
2008_008627 0.9881 70.2702 6.1940 304.3306 243.6759
2008_008627 0.9489 35.4755 8.6265 362.6888 191.3428
2008_008627 0.6991 177.5755 7.3510 302.2484 150.1792
2008_008627 0.6034 132.5237 9.8163 338.2489 210.0053
2008_008629 0.9341 142.2156 90.2367 428.6980 361.1321
2008_008629 0.8655 347.4237 129.4678 452.1321 337.3734
2008_008629 0.8304 45.8350 72.1452 240.3683 186.9258
2008_008629 0.7293 39.1676 93.8913 153.8183 176.2477
2008_008629 0.5124 100.0814 84.6895 339.6044 345.1694
2008_008652 0.8503 4.5981 92.1705 329.9576 263.9373
2008_008652 0.5413 5.0585 119.0935 219.1196 250.7734
2008_008659 0.9844 278.1108 260.1422 350.1336 294.7468
2008_008695 0.9411 275.5532 101.6741 323.6884 203.1063
2008_008695 0.5289 277.9186 102.5284 380.7899 205.7334
2008_008711 0.9980 11.7149 16.7067 451.0440 336.4911
2008_008711 0.9091 211.3933 13.9980 482.0056 346.1029
2008_008711 0.8840 3.5262 37.3857 275.1095 333.2691
2008_008718 0.8372 289.5984 281.1543 474.1620 433.3787
2008_008718 0.5166 311.9342 308.3584 440.1096 425.5696
2008_008724 0.9899 57.1840 8.5605 425.9496 372.6810
2008_008724 0.9566 327.1436 15.3355 485.3461 196.3928
2008_008724 0.8770 285.6469 0.3451 486.6852 134.5138
2008_008724 0.8739 14.7010 23.5629 226.2545 338.8185
2008_008724 0.8680 56.9224 12.7999 370.7885 268.4326
2008_008724 0.8593 139.0244 0.0000 461.7735 236.6962
2008_008724 0.8273 22.7864 0.0000 351.7176 193.2594
2008_008724 0.8272 243.3683 0.0000 473.7947 189.2314
2008_008724 0.7889 3.0191 88.5283 144.6977 365.0416
2008_008724 0.6324 59.2663 1.7490 257.4533 254.8023
2008_008724 0.6082 357.3764 17.2523 490.4317 150.7328
2008_008724 0.5939 0.0000 189.5889 132.3451 364.4824
2008_008724 0.5102 337.8489 0.0000 496.2210 278.0601
2008_008753 0.9212 67.6704 32.1574 500.0000 314.7760
2008_008753 0.6199 76.6199 31.7085 420.5196 240.4173
2008_008755 0.6999 143.4345 286.8501 168.0665 341.1751
2008_008758 0.9752 214.0797 222.4682 285.7910 310.5187
2009_000055 0.9795 312.5985 142.8496 461.1660 349.0271
2009_000093 0.7146 61.0533 171.1549 90.0495 191.8651
2009_000149 0.9965 11.5980 142.4856 245.9622 458.5908
2009_000351 0.5464 270.5261 238.0419 377.0077 375.0000
2009_000354 0.8328 258.7954 0.2267 499.6929 357.5444
2009_000430 0.8482 168.1231 18.4766 284.4809 222.8256
2009_000430 0.7241 213.2385 20.9078 281.6073 224.0019
2009_000457 0.9956 18.9067 156.9651 269.0007 316.5136
2009_000461 0.9928 30.0758 216.3204 436.5938 472.5716
2009_000573 0.9892 56.6342 94.4466 458.1530 326.1141
2009_000634 0.9926 57.5664 72.9638 464.2228 321.7173
2009_000634 0.7725 14.6017 77.0697 286.3583 298.4843
2009_000676 0.8084 23.9145 20.9248 323.6319 226.5658
2009_000676 0.7561 15.9560 6.9024 265.9711 158.3941
2009_000676 0.6386 9.2869 3.5028 452.5168 268.9773
2009_000724 0.9186 115.5412 164.5694 354.2031 371.2379
2009_000756 0.9521 5.9272 33.8266 500.0000 318.2753
2009_000756 0.7551 198.3349 50.0147 492.1324 311.3242
2009_000756 0.6376 2.8990 32.0914 306.7235 321.2614
2009_000820 0.9909 142.6326 168.8243 373.3086 298.1566
2009_000896 0.9818 170.4022 190.3666 310.3881 370.0757
2009_000896 0.9759 114.7710 154.3900 163.3856 286.2221
2009_000896 0.7225 175.9288 206.8755 272.6412 348.3328
2009_000954 0.5284 209.3092 173.1756 303.3358 249.7669
2009_000985 0.9492 26.0714 7.2307 443.1988 267.5704
2009_000985 0.6515 194.2477 24.0115 463.5623 276.7566
2009_001061 0.5359 311.8580 28.8549 495.2029 364.0757
2009_001194 0.9495 150.7066 18.6590 500.0000 324.8262
2009_001194 0.9178 82.0764 156.5070 360.2662 332.5478
2009_001194 0.8785 155.3615 151.0058 500.0000 334.0000
2009_001194 0.6981 40.5011 35.9425 424.8416 333.7229
2009_001194 0.5505 141.1176 61.9929 364.2444 334.0000
2009_001194 0.5447 287.0554 17.2351 500.0000 307.7091
2009_001255 0.9942 98.7851 36.0077 471.8553 302.3028
2009_001255 0.8781 86.0215 33.8948 306.9081 275.5081
2009_001255 0.7032 119.8175 67.3838 296.2048 236.5995
2009_001255 0.6350 62.8686 48.3274 212.2657 234.8812
2009_001384 0.7955 38.7329 162.5935 351.6109 466.6995
2009_001456 0.9989 64.1544 31.4735 457.5971 310.1762
2009_001456 0.8088 215.8435 35.8876 486.0074 322.1235
2009_001456 0.7287 35.2139 49.6131 316.6609 321.7127
2009_001645 0.6491 8.8653 152.2084 245.9274 475.8037
2009_001646 0.7545 421.2966 0.0000 492.8855 44.0953
2009_001646 0.5809 394.7397 0.0000 438.3463 33.8157
2009_001663 0.9202 104.0458 199.9167 222.0113 324.9365
2009_001718 0.6129 74.5587 282.6501 256.4825 500.0000
2009_001758 0.8306 69.0251 192.3735 206.5788 470.0889
2009_001758 0.8101 73.1570 122.5194 258.6680 457.1088
2009_001758 0.5624 195.9398 132.2766 289.8184 248.0389
2009_001780 0.9497 59.5231 14.8282 477.0712 367.4283
2009_001780 0.7377 39.0635 62.1520 363.6629 348.6872
2009_001805 0.6473 11.1793 188.3609 296.3583 329.2239
2009_001830 0.9681 190.1360 77.2712 357.2508 409.7103
2009_001830 0.9421 222.7122 129.5227 355.6811 373.9985
2009_001830 0.8082 113.9104 51.7976 361.5750 425.7954
2009_001830 0.5780 207.1794 177.9597 242.8127 294.4426
2009_001915 0.7145 62.5002 0.0000 499.5499 315.0981
2009_001973 0.8031 365.0665 0.0000 499.5047 82.6159
2009_002058 0.8969 62.9182 360.6054 327.9976 494.7474
2009_002087 0.9799 10.8816 0.0000 489.1063 322.3364
2009_002087 0.5963 271.5562 0.0000 487.8201 346.6863
2009_002087 0.5665 2.2072 19.6520 332.4953 309.3014
2009_002194 0.9969 33.0589 23.0429 498.0256 423.8488
2009_002194 0.7991 184.1284 33.3758 500.0000 366.5885
2009_002194 0.6996 39.6375 93.4076 340.4157 442.4940
2009_002295 0.9927 30.2494 275.1552 343.3699 466.4474
2009_002295 0.5521 28.6157 285.8436 201.4022 466.5757
2009_002350 0.9691 5.9951 324.5636 149.4339 462.1648
2009_002350 0.8054 0.7767 336.5988 112.7107 438.1913
2009_002350 0.7907 39.1612 314.5377 181.6404 486.9729
2009_002350 0.6703 59.0391 315.2819 146.4124 446.6500
2009_002400 0.9927 41.4155 23.1485 290.8078 327.9411
2009_002401 0.9929 50.0806 23.0313 455.9629 332.8467
2009_002401 0.8279 16.7887 26.8937 323.9174 368.5878
2009_002401 0.7824 215.6736 50.5364 478.1619 273.2113
2009_002668 0.9848 120.2435 240.6615 218.6802 334.6768
2009_002777 0.9760 120.3489 243.8592 415.4690 372.6348
2009_002777 0.6183 164.4923 200.0952 470.9924 374.0252
2009_002785 0.9885 359.0479 8.4151 460.8892 100.3766
2009_002785 0.9876 9.9079 27.9879 164.4950 144.5009
2009_002785 0.8487 1.6158 37.1831 50.9869 141.4055
2009_002833 0.9949 19.1436 27.5803 440.6580 303.8744
2009_002833 0.9796 254.3188 8.4414 491.2835 305.6573
2009_002833 0.9523 429.4144 15.9254 496.4605 210.9059
2009_002833 0.9122 10.5677 15.9466 332.0930 247.4359
2009_002833 0.8871 3.0289 32.9928 108.9561 205.9167
2009_002833 0.8240 334.9286 0.0000 485.4297 123.6948
2009_002833 0.8078 4.9290 4.1671 204.9391 298.1843
2009_002833 0.7345 26.1125 4.5765 492.0551 201.6377
2009_002833 0.7179 208.7887 4.4457 484.9886 167.3401
2009_002833 0.6450 12.4844 70.2627 291.5509 297.0299
2009_002833 0.6245 141.0390 46.8629 484.7811 306.8442
2009_002833 0.6061 49.0959 69.5038 126.6108 123.3198
2009_002833 0.5350 1.7050 91.0000 52.2070 189.2671
2009_002928 0.9964 44.8205 92.8053 445.1083 327.2875
2009_002985 0.8798 58.9356 48.9742 379.2879 366.3905
2009_002985 0.7477 119.9662 32.9445 495.4799 363.4578
2009_003065 0.9911 176.8429 204.4476 282.1084 345.7422
2009_003193 0.9926 77.3772 46.4705 435.7590 288.0439
2009_003193 0.7567 76.7986 70.0669 277.7101 299.4174
2009_003224 0.9936 37.6238 23.2005 408.3282 355.9954
2009_003224 0.9143 99.9863 25.0935 413.1331 258.8681
2009_003224 0.7331 47.9765 116.3896 356.5233 365.4029
2009_003343 0.9516 9.0012 140.8256 285.4396 500.0000
2009_003469 0.9981 56.3217 32.8929 451.0634 294.5880
2009_003469 0.6943 31.7299 15.2751 314.8299 322.3199
2009_003576 0.5622 136.5145 108.5675 233.5917 303.5636
2009_003832 0.9979 69.3179 18.1891 426.4391 332.0795
2009_003836 0.9482 112.1927 82.2205 285.1435 445.0760
2009_003836 0.8367 153.4088 149.8426 277.9734 451.7651
2009_003905 0.9839 34.2033 80.5663 308.4216 311.0341
2009_003905 0.9724 57.0144 98.4020 312.5010 430.2675
2009_003905 0.9623 142.7968 143.6562 318.1207 436.1196
2009_003905 0.7708 32.1758 44.1402 245.9670 369.6497
2009_003905 0.6586 33.9766 56.5442 170.6657 292.9485
2009_003905 0.5767 33.4261 117.1092 206.5746 278.5464
2009_003908 0.8997 61.1994 67.9163 412.0782 375.0000
2009_003908 0.5185 20.8039 20.1667 313.0097 333.1245
2009_003971 0.8268 45.2097 101.4854 343.0622 500.0000
2009_004207 0.5317 0.0000 138.0037 129.4446 346.4408
2009_004242 0.8635 53.7880 6.6782 207.9283 334.0000
2009_004242 0.7474 74.6384 122.7168 203.3669 322.2156
2009_004303 0.9836 156.6270 166.8029 463.8820 362.2224
2009_004364 0.9517 0.0000 86.0737 500.0000 372.5520
2009_004496 0.7260 19.2362 19.5234 434.4871 366.2605
2009_004551 0.9939 50.0003 80.4637 437.5424 359.6977
2009_004551 0.7102 180.6671 81.8715 455.9675 336.4592
2009_004629 0.8182 98.9175 7.1142 428.6688 375.0000
2009_004664 0.9083 182.8994 174.9038 368.4559 348.0505
2009_004664 0.8293 108.0871 157.9951 356.4619 360.1842
2009_004664 0.7556 119.1204 180.1239 286.7760 353.7748
2009_004758 0.9882 10.3354 183.0114 161.8252 287.0466
2009_004758 0.9880 304.7706 158.2403 404.9322 236.1409
2009_004781 0.6563 192.6183 107.8169 322.9575 342.6215
2009_004822 0.9968 96.6119 129.6101 437.6427 343.7397
2009_004848 0.9835 156.4411 167.6639 343.9888 367.3790
2009_004857 0.7244 0.0000 57.9711 104.3978 269.5557
2009_004876 0.9739 3.4466 125.2048 343.6192 456.7670
2009_004876 0.6247 13.0382 9.5770 375.0000 410.4401
2009_004882 0.9907 14.2850 217.6187 370.8973 472.8758
2009_004882 0.6088 23.0373 97.6971 265.0222 480.1031
2009_004934 0.9910 46.3213 38.6742 381.8546 356.4290
2009_005064 0.9978 37.6541 25.8634 481.2464 301.3353
2009_005064 0.9582 49.6368 59.2255 339.4284 322.7462
2009_005082 0.9032 26.8219 285.8942 232.7081 375.0000
2009_005087 0.7948 55.3921 120.0137 241.7236 281.3611
2009_005098 0.9932 112.6970 8.8044 449.3819 193.8983
2009_005098 0.7179 301.9177 27.1058 454.2236 181.7873
2009_005098 0.5480 114.4389 2.8877 292.4356 188.7512
2009_005103 0.9333 57.6814 64.7464 416.2712 361.9264
2009_005156 0.9756 70.4101 36.1718 394.4363 253.8958
2009_005172 0.8070 41.8210 44.0173 500.0000 350.4322
2009_005178 0.9967 37.4702 39.7080 437.7029 371.1489
2009_005178 0.8525 197.7746 42.0437 458.0949 401.5494
2009_005178 0.8444 298.3298 147.2979 456.1417 394.8691
2009_005203 0.9792 252.9278 113.2170 332.8999 257.6427
2009_005300 0.9644 267.8904 154.9233 375.0000 250.4926
2009_005300 0.9597 80.8260 141.8286 212.4929 249.5496
2010_000083 0.9900 45.8174 211.0359 129.5380 304.8730
2010_000113 0.9564 116.4860 38.5697 481.6501 331.8751
2010_000113 0.8854 95.8673 73.4260 382.9561 324.1899
2010_000254 0.9974 124.1149 128.3087 335.0712 287.0922
2010_000342 0.9798 39.3479 35.2184 371.4108 356.0616
2010_000401 0.9879 113.5188 113.3078 428.2844 307.6697
2010_000444 0.8327 92.5174 153.0486 266.3871 296.3886
2010_000444 0.7415 174.9635 145.9509 276.6512 287.6957
2010_000444 0.5769 77.0238 183.9627 195.7901 310.1979
2010_000462 0.9554 159.4790 218.4418 250.1717 383.5608
2010_000590 0.8528 0.8251 199.0898 27.9080 267.0988
2010_000624 0.8020 25.6447 57.4906 425.5326 358.2811
2010_000624 0.5497 10.8251 48.9534 278.4471 342.4203
2010_000829 0.9987 16.8413 0.0000 490.0750 359.3190
2010_000829 0.8979 180.6800 18.4543 499.4897 341.5300
2010_000829 0.8751 15.8688 48.8285 285.7082 354.2754
2010_000893 0.9867 106.9696 27.2437 341.5197 294.7807
2010_000893 0.8268 96.4288 21.8900 302.8106 210.1626
2010_000898 0.9926 0.0000 31.0394 463.8607 320.2257
2010_000898 0.6407 263.7814 40.0089 498.2189 317.4651
2010_001049 0.9882 44.6947 147.5092 216.5419 261.2014
2010_001049 0.9645 225.0287 160.9509 405.4936 264.8925
2010_001049 0.5634 136.3695 157.0695 216.6696 260.0333
2010_001119 0.8795 0.2638 95.3605 74.7417 142.5887
2010_001119 0.5216 18.6969 289.8264 265.1987 374.5772
2010_001246 0.9721 6.1333 123.9974 64.7139 236.8906
2010_001246 0.9412 0.0000 135.6648 43.2525 236.4038
2010_001263 0.7183 38.7006 89.0559 361.1732 354.3278
2010_001263 0.7123 40.9290 40.1703 500.0000 371.2050
2010_001540 0.9833 10.8908 102.1327 357.7579 473.3645
2010_001540 0.8325 17.1759 259.8061 306.8506 482.0220
2010_001540 0.7272 58.8774 20.1202 372.5774 407.3186
2010_001540 0.5006 260.3131 122.3737 375.0000 326.5877
2010_001921 0.9717 0.0000 149.4497 50.1192 231.6299
2010_001921 0.8593 294.4077 173.9941 399.8201 256.8991
2010_002030 0.9955 77.0611 14.7353 474.4901 309.1491
2010_002211 0.7701 14.5989 220.0493 279.7187 469.4781
2010_002211 0.7603 0.0000 245.6925 92.2133 442.0828
2010_002211 0.5968 107.7948 271.3332 290.4245 491.9771
2010_002211 0.5117 0.0000 193.2713 189.3826 465.3100
2010_002326 0.9903 111.1425 16.7912 414.9331 373.2677
2010_002408 0.7335 140.0321 12.8127 164.0079 50.0882
2010_002536 0.9979 68.3628 52.3453 461.6152 315.4579
2010_002536 0.9676 0.0000 150.9333 124.8337 352.3947
2010_002536 0.8427 27.3592 55.9403 295.2681 322.8410
2010_002536 0.8422 0.0000 92.3902 180.4353 335.5076
2010_002536 0.7234 84.7746 113.5463 294.0839 284.0760
2010_002597 0.5985 187.3414 270.7538 321.0000 375.4392
2010_002660 0.9933 71.8885 197.1230 329.5558 480.7014
2010_002660 0.9327 182.4840 247.4438 333.0000 497.1347
2010_002693 0.8656 2.1080 234.8484 100.9043 402.9606
2010_002814 0.9993 24.6794 28.5714 485.8130 291.6057
2010_002814 0.7402 40.1754 0.3363 261.0800 301.1533
2010_002814 0.5584 176.7258 8.1351 500.0000 329.1943
2010_002914 0.5919 58.5208 187.2410 356.7819 374.3368
2010_002914 0.5044 96.4019 207.9994 260.7912 374.3462
2010_002927 0.9980 25.4729 237.7892 402.3446 374.1239
2010_002927 0.9780 0.0000 208.1786 266.9080 375.0000
2010_002927 0.8602 135.6485 267.8625 432.8239 368.8766
2010_003107 0.5067 271.8617 200.4617 424.0000 281.2916
2010_003251 0.9970 15.2249 32.6669 500.0000 334.0466
2010_003251 0.8214 232.6013 26.9550 480.2402 348.2210
2010_003293 0.7887 405.9943 179.6649 445.9486 230.5654
2010_003293 0.6005 422.6153 182.0926 467.8310 235.9284
2010_003293 0.5476 436.6770 188.2881 468.2451 235.2110
2010_003293 0.5199 419.9454 182.1884 451.0938 231.3482
2010_003314 0.9948 19.4590 258.8461 145.3853 367.2003
2010_003379 0.9574 9.0898 38.3190 482.9414 355.8483
2010_003379 0.8410 351.5376 42.2170 500.0000 357.0656
2010_003379 0.8291 12.2347 125.2196 408.3942 361.7169
2010_003379 0.7422 205.8271 30.6876 483.7466 349.4537
2010_003446 0.8824 158.4172 154.2286 337.5284 257.3965
2010_003603 0.6367 41.1259 335.5601 210.5951 493.2307
2010_003603 0.5481 40.7787 290.7167 263.0827 485.0648
2010_003701 0.9760 248.2483 203.4150 372.3582 315.2697
2010_003729 0.9289 5.3462 132.7307 147.7734 244.1046
2010_003811 0.9969 45.5434 25.7781 416.5276 282.5367
2010_003811 0.9212 227.5880 29.4893 420.6192 266.0726
2010_003811 0.9028 42.2942 67.4228 294.2509 280.9944
2010_003828 0.9778 54.8373 116.0813 344.7636 329.2760
2010_003828 0.5961 152.0328 160.9753 348.2585 329.6633
2010_003828 0.5439 47.4100 123.1671 189.0594 333.0000
2010_003912 0.9942 81.0117 17.6250 317.8799 416.0804
2010_003912 0.9070 146.4211 27.3224 309.5828 279.7746
2010_003912 0.5192 20.0957 37.7915 207.0287 386.3952
2010_003947 0.9540 116.6590 48.6209 488.3856 306.2145
2010_003947 0.7877 166.9922 39.3386 323.3598 191.1057
2010_003947 0.7552 169.4319 44.9058 281.7617 168.7219
2010_003947 0.5790 232.8446 80.0915 490.3187 290.7659
2010_003947 0.5222 33.2010 45.7798 397.5538 286.2775
2010_004182 0.9927 2.6426 38.4009 461.4190 340.9653
2010_004182 0.8518 1.7246 52.2766 250.0409 344.8954
2010_004182 0.8477 196.4665 63.4086 484.8307 331.3899
2010_004439 0.9863 378.2955 277.2265 457.6042 340.4664
2010_004537 0.9863 27.0106 93.2803 471.9856 334.8045
2010_004537 0.8470 309.3771 137.8225 491.1921 327.6861
2010_004537 0.7814 195.5007 81.1025 481.7896 339.5662
2010_004809 0.9948 229.7275 218.3761 341.9287 280.9442
2010_004894 0.6917 204.5741 108.0287 390.8464 307.0909
2010_004894 0.6512 205.4266 86.7360 352.7934 252.8012
2010_004921 0.9962 194.5243 181.6261 263.0801 235.1458
2010_004921 0.7266 452.0925 168.8677 496.6500 209.5077
2010_004921 0.6148 279.8277 190.1508 318.5226 222.7209
2010_005116 0.9934 5.6977 35.0283 497.2185 375.0000
2010_005116 0.9293 200.4784 49.4236 500.0000 358.5209
2010_005116 0.8153 18.8962 80.7885 364.8975 359.3220
2010_005116 0.7100 92.0474 141.0855 477.8417 367.7585
2010_005116 0.6981 305.2408 78.5416 489.1476 371.0385
2010_005374 0.9935 51.7202 111.6604 499.2345 375.0000
2010_005374 0.9379 27.0774 67.8234 359.9517 375.0000
2010_005374 0.8440 215.4496 149.2150 490.7386 365.5323
2010_005374 0.5395 403.1604 165.6862 500.0000 354.5825
2010_005374 0.5241 13.9737 109.0333 250.6074 373.5221
2010_005542 0.9741 6.1465 153.0959 94.1066 291.7197
2010_005542 0.9659 88.7010 148.1906 190.5422 284.2082
2010_005542 0.8098 461.8486 144.7958 499.1222 277.8939
2010_005556 0.9740 50.6883 0.0000 454.2087 374.9929
2010_005658 0.9932 0.0769 8.9860 370.2636 276.5484
2010_005658 0.8421 140.1734 11.2415 446.7602 308.7919
2010_005658 0.6933 412.8837 118.8708 500.0000 331.2759
2010_005658 0.5359 135.3145 19.9293 354.0115 217.7311
2010_005664 0.9977 96.6078 96.9888 431.6747 300.1595
2010_005664 0.5943 94.4807 59.2216 331.3536 327.3979
2010_005848 0.9960 233.3466 204.0457 474.5654 335.9971
2010_005848 0.7765 208.8737 122.0888 467.0673 354.9449
2010_005860 0.8958 432.6344 130.8876 493.0873 211.2304
2010_005860 0.7811 449.4039 143.0367 490.2689 209.2027
2010_006031 0.9043 142.9756 72.6116 357.0226 262.7198
2010_006031 0.6479 139.3708 69.2453 265.0850 241.6234
2010_006031 0.6213 147.2795 88.2812 223.8568 213.7734
2010_006070 0.9943 5.5219 21.8621 500.0000 329.5010
2010_006070 0.7818 0.0000 33.1241 275.2645 329.5628
2011_000087 0.5471 222.3220 191.9460 239.7366 212.1921
2011_000098 0.9827 340.9147 103.1997 440.6404 279.2774
2011_000098 0.5665 332.0914 114.0662 406.4237 249.3660
2011_000319 0.9930 218.6114 176.5703 303.3638 229.6585
2011_000412 0.9921 26.6569 1.1836 462.8556 349.5229
2011_000412 0.6945 154.7815 40.5241 460.8344 319.6542
2011_000412 0.6573 32.8030 107.1694 265.7911 362.4992
2011_000474 0.9889 8.4735 14.2542 353.1145 333.2304
2011_000474 0.8746 4.1311 63.3295 154.5523 316.0169
2011_000474 0.7850 106.5580 43.4172 404.0490 333.6013
2011_000474 0.6751 16.4749 42.5180 227.7328 321.8020
2011_000585 0.6688 80.8392 122.0205 311.9262 313.1416
2011_000600 0.8834 476.1746 73.2710 500.0000 138.1664
2011_000690 0.6970 0.0000 58.9345 113.4243 462.3426
2011_000690 0.5161 3.6995 29.6139 164.1816 500.0000
2011_000933 0.9483 101.0428 107.1012 423.2697 355.1635
2011_000933 0.9033 128.7920 186.1518 306.0150 365.0243
2011_000933 0.8952 67.7133 120.3803 299.6595 357.0229
2011_000933 0.6389 55.2360 106.3623 200.5542 310.6236
2011_000950 0.9884 35.5479 53.7270 476.8601 319.7171
2011_000950 0.7455 213.9703 61.4383 471.4378 324.7852
2011_001025 0.8433 205.5139 352.8804 237.2150 384.2582
2011_001138 0.9897 32.1141 47.3820 494.4050 325.3232
2011_001138 0.6933 260.3241 35.9468 498.7241 322.9177
2011_001138 0.5546 23.3682 52.4289 309.7598 338.2160
2011_001271 0.9126 143.2886 208.9435 314.7574 319.9862
2011_001441 0.8085 110.8012 66.6941 474.0808 294.0836
2011_001441 0.7950 4.5828 21.9610 348.2022 245.6451
2011_001441 0.5828 222.1331 57.4067 492.0947 267.5272
2011_001501 0.9197 272.3014 191.0738 424.7761 303.6020
2011_001501 0.8382 259.8051 202.0882 381.4385 302.1415
2011_001535 0.8445 116.2671 166.2698 218.6281 325.1953
2011_001535 0.7057 26.3428 186.2742 198.6083 359.8712
2011_001806 0.9930 48.5485 352.6949 250.2562 500.0000
2011_001806 0.5438 50.1148 391.3345 122.9399 494.6653
2011_001945 0.9843 73.7203 266.4109 349.7199 476.1758
2011_001945 0.9190 194.1199 265.6485 368.1317 487.1655
2011_001945 0.6947 25.5653 220.8038 304.2585 469.2875
2011_001988 0.8397 196.9070 185.3225 283.7593 419.3779
2011_002002 0.9305 303.3444 190.6398 418.4763 375.0000
2011_002002 0.8225 299.1202 234.2560 375.0962 375.0000
2011_002003 0.8624 331.0149 12.4056 500.0000 262.4326
2011_002064 0.9868 69.8484 65.8772 353.1138 351.4499
2011_002064 0.6764 76.5873 74.5521 262.3295 295.1462
2011_002064 0.6684 182.7922 74.3783 260.5891 135.3448
2011_002150 0.9731 260.7370 294.7807 365.3596 365.8708
2011_002192 0.9549 152.4853 172.3100 193.3599 285.4569
2011_002192 0.9187 303.9412 159.2576 349.4635 262.8486
2011_002192 0.6402 310.6371 176.4116 337.3255 266.4311
2011_002223 0.5796 174.3753 128.5045 359.7417 272.0765
2011_002325 0.9093 131.3812 398.5881 296.3576 500.0000
2011_002325 0.7951 126.4400 421.2441 265.3507 496.0206
2011_002325 0.5351 228.9977 434.0793 308.2853 494.9056
2011_002406 0.5909 23.4990 71.1461 493.3144 318.5561
2011_002694 0.6207 275.0299 146.2473 439.5311 251.4982
2011_002713 0.9062 66.6231 50.6395 484.8969 335.6396
2011_002742 0.8126 107.6470 109.1162 424.9195 326.3261
2011_003003 0.9899 91.6646 99.5568 429.4395 356.0861
2011_003167 0.8388 281.5615 290.7960 372.3103 364.7509
2011_003167 0.6947 140.8351 331.6703 173.8651 400.4052
2011_003167 0.5310 225.6292 290.0933 289.9986 389.8351
2011_003168 0.9403 263.2602 227.2066 482.0541 375.0000
2011_003168 0.9018 41.2266 225.2037 141.5903 375.0000
2011_003169 0.9958 27.8689 25.8378 444.6382 319.0601
2011_003169 0.8493 191.2092 33.1671 455.0619 298.6075
2011_003169 0.5649 17.8609 80.2261 275.0777 311.5503
