2008_000054 0.9942 283.4215 103.8115 318.2392 180.4253
2008_000054 0.9934 111.0917 146.2305 195.1187 226.7292
2008_000054 0.9222 61.2710 0.0000 489.3596 188.4700
2008_000054 0.8660 0.0000 5.2973 339.5858 233.7215
2008_000054 0.6544 11.4323 15.0526 316.2623 144.0289
2008_000054 0.6269 0.0000 9.2381 495.1837 127.7940
2008_000054 0.6214 187.4019 3.8732 488.8622 230.7217
2008_000123 0.9969 101.5977 62.2318 292.6545 189.9383
2008_000123 0.8217 121.9210 78.4533 328.0968 292.6176
2008_000123 0.7133 101.0716 78.3739 425.3698 308.8120
2008_000134 0.9914 137.0645 76.2453 275.7843 149.1279
2008_000134 0.6916 70.3061 323.1489 179.3201 388.2159
2008_000339 0.9967 31.7902 222.4304 76.6170 309.7361
2008_000532 0.9899 97.4448 30.8119 488.5181 452.1534
2008_000532 0.6393 91.8876 41.2544 362.0697 323.0487
2008_000533 0.9970 230.8277 114.8224 488.9977 268.3824
2008_000697 0.9875 362.5618 141.2161 433.1414 222.0914
2008_000848 0.9844 235.0710 149.2911 277.1305 247.3713
2008_000897 0.5634 194.2364 241.3900 216.5419 295.3529
2008_000960 0.9538 191.7425 124.6849 284.9691 272.9825
2008_000960 0.8024 155.4531 120.5978 308.5856 440.4557
2008_000960 0.7854 67.7057 62.4589 153.1757 316.2082
2008_000960 0.7408 71.5449 57.2110 149.9064 225.2783
2008_000960 0.5788 92.8910 79.5484 302.9547 453.5681
2008_001120 0.9836 226.1177 158.7170 328.0112 224.7056
2008_001185 0.9952 6.0386 35.8482 478.0085 386.9206
2008_001194 0.9995 89.9778 26.3555 370.7304 453.4827
2008_001264 0.9899 156.2006 154.6195 230.4798 220.7487
2008_001391 0.9058 0.0000 14.3184 285.8549 151.5935
2008_001415 0.9973 78.5451 271.5135 160.4571 331.8345
2008_001415 0.9899 237.6920 125.4165 289.7815 210.7391
2008_001514 0.9820 139.6835 76.8369 366.7486 252.0757
2008_001522 0.9738 194.8105 136.1673 297.6513 369.0127
2008_001522 0.9669 111.5571 151.3620 310.5551 371.0011
2008_001522 0.9642 63.4046 293.3901 132.0572 358.9315
2008_001522 0.8266 125.8547 201.4963 280.7002 371.4118
2008_001810 0.9613 177.0977 14.1419 483.0545 344.3582
2008_001810 0.7718 292.0049 2.1846 488.2356 238.1441
2008_001810 0.7277 27.8934 33.4532 340.0366 364.5648
2008_001966 0.9894 25.9783 160.2183 233.4920 367.6725
2008_001978 0.9852 265.6794 172.9525 287.1825 194.0600
2008_002043 0.9918 91.9762 4.3547 480.4442 193.3596
2008_002043 0.7314 94.0693 4.8471 322.5010 180.4609
2008_002043 0.5258 123.7940 68.4218 499.5783 218.1170
2008_002207 0.9881 440.8940 33.0724 488.6200 75.2208
2008_002207 0.8652 244.6660 174.3887 305.0943 213.5262
2008_002207 0.6938 0.0000 22.2171 36.8068 53.2408
2008_002207 0.5207 243.5276 181.6462 272.6542 224.0798
2008_002314 0.6326 384.0638 210.9969 444.2537 322.5534
2008_002349 0.9986 359.1078 127.9234 500.0000 306.4386
2008_002349 0.9928 8.3494 133.5411 234.1260 314.8096
2008_002349 0.9884 195.8113 211.1651 257.1385 272.8024
2008_002349 0.9381 52.1610 66.6381 122.3346 90.8141
2008_002349 0.8584 195.8171 15.2922 231.2410 29.8243
2008_002349 0.5570 191.0791 128.7340 228.1287 167.4008
2008_002429 0.9993 116.6524 108.8274 441.2322 437.0698
2008_002624 0.9942 258.1349 81.9113 307.1316 152.8704
2008_002684 0.9281 127.5680 189.5426 375.0000 475.0068
2008_002847 0.9919 346.8924 12.8539 490.5774 187.6680
2008_002847 0.9867 159.0684 157.3855 242.6304 322.8531
2008_002847 0.9797 267.2695 67.5714 409.3523 246.1953
2008_002847 0.9579 92.1812 204.8857 155.3090 321.4140
2008_002847 0.9543 247.6736 151.6598 353.0209 248.4007
2008_002847 0.9533 0.0013 228.1966 101.0998 370.9533
2008_002847 0.9313 184.8917 256.2282 366.9012 362.8441
2008_002847 0.8926 284.7997 38.0845 476.2039 253.1107
2008_003030 0.7677 274.9276 166.3660 436.4695 211.8162
2008_003106 0.9916 387.7820 214.4673 461.0652 289.4519
2008_003106 0.7067 236.6501 197.7201 286.3684 263.0110
2008_003110 0.9538 59.5881 71.9211 442.7861 307.4799
2008_003110 0.9447 24.2900 119.2846 268.4698 308.9049
2008_003110 0.9136 294.0298 81.9736 443.7128 250.0530
2008_003110 0.6534 169.9563 89.1282 409.3062 264.6553
2008_003161 0.9836 178.5323 50.4750 352.3194 325.8220
2008_003170 0.9957 71.1185 24.5125 462.5245 311.0974
2008_003211 0.9992 32.9173 79.2548 344.7467 420.7456
2008_003222 0.9974 185.5075 81.6417 418.8081 336.2934
2008_003232 0.7754 186.9576 96.0644 460.2466 397.3948
2008_003291 0.9970 73.1403 62.1102 420.6056 405.3102
2008_003291 0.5630 64.3400 70.7362 344.1040 334.3162
2008_003382 0.9596 19.2875 78.8621 329.2391 493.3636
2008_003382 0.7790 117.2462 101.5466 233.5351 350.7514
2008_003382 0.7455 17.9445 249.3942 340.2387 500.0000
2008_003382 0.6881 89.6654 4.9614 297.6650 493.8749
2008_003433 0.5544 47.1457 56.4623 153.8822 215.6029
2008_003439 0.9989 152.1270 68.3653 271.3807 343.6060
2008_003439 0.9843 149.6773 50.6161 267.8831 243.8620
2008_003439 0.6961 94.5602 61.3246 364.0608 356.0000
2008_003484 0.9971 374.5832 77.1750 486.2663 343.0089
2008_003484 0.9968 13.2581 16.8850 85.4766 196.9131
2008_003524 0.9938 126.9808 79.9745 416.5775 314.9138
2008_003580 0.9979 175.6062 39.0721 353.9357 375.0000
2008_003580 0.9893 71.6938 201.5642 187.1082 318.0810
2008_003580 0.9613 340.2224 26.5439 434.3541 53.3090
2008_003580 0.8112 0.3355 294.5333 44.9078 355.8466
2008_003580 0.6919 23.7911 181.7329 179.3310 309.8930
2008_003580 0.6524 55.1736 56.5183 364.8583 366.4411
2008_003683 0.9077 217.4211 141.9662 311.9234 348.6173
2008_003694 0.9780 285.6099 141.5212 395.7982 217.7644
2008_003694 0.7329 75.7901 219.2600 196.8112 354.4748
2008_003694 0.5766 78.5561 212.1496 268.9072 363.5474
2008_003763 0.5218 59.2592 56.5988 397.4570 332.6518
2008_003763 0.5058 111.3437 54.8799 289.0828 254.0741
2008_003789 0.9955 72.6779 37.7255 288.8924 468.6814
2008_003789 0.8811 55.5766 206.2353 201.9124 492.5976
2008_003789 0.7493 58.2623 93.0143 232.7365 487.9195
2008_003799 0.7602 157.0090 104.3467 361.1024 300.6273
2008_003894 0.9914 31.5832 75.6961 450.6433 316.3390
2008_003944 0.5128 25.8325 26.9810 115.7918 143.7724
2008_003997 0.9877 29.0680 17.6687 311.7291 239.3994
2008_003997 0.5300 113.3613 26.9631 292.5169 226.3011
2008_004027 0.9057 197.0472 160.6332 302.6971 203.4668
2008_004075 0.9773 185.2945 2.7384 499.0421 326.6849
2008_004103 0.6119 345.3423 78.5125 403.0173 205.1133
2008_004105 0.9809 46.7843 91.6053 135.7769 229.9631
2008_004234 0.9978 212.9869 114.7678 301.2008 274.2131
2008_004251 0.9900 63.4125 69.7998 129.3717 98.8906
2008_004317 0.9643 140.3874 70.7513 494.8524 478.0941
2008_004384 0.8963 16.9673 276.4540 79.0079 328.7611
2008_004425 0.9950 104.2313 96.0759 346.0427 301.1350
2008_004520 0.9633 76.3065 141.6890 335.0604 324.3332
2008_004520 0.9291 78.2595 82.0553 392.7521 316.9890
2008_004589 0.9652 180.7852 43.2947 252.9954 88.2447
2008_004689 0.9965 206.2912 66.6068 309.5692 154.3846
2008_004730 0.9979 53.7910 99.5746 205.5903 442.1552
2008_004742 0.8277 116.2684 65.2614 157.7296 177.4734
2008_004766 0.5125 286.4784 315.7912 316.1812 352.1129
2008_004805 0.9985 242.3960 160.6105 317.4644 312.8677
2008_004825 0.9899 103.8032 47.5979 422.3864 251.4791
2008_004825 0.9681 87.9008 52.0626 497.9055 311.5615
2008_004837 0.9822 233.6545 345.9554 369.7008 486.6960
2008_004942 0.9923 32.4256 66.7307 258.2404 258.3304
2008_004942 0.9830 211.3468 138.4274 469.6156 317.4433
2008_004942 0.7297 44.0976 92.5500 359.3564 308.4332
2008_005065 0.6832 260.5048 48.1261 270.1495 61.0068
2008_005065 0.5417 68.6960 172.2737 189.7769 218.2263
2008_005092 0.9961 117.1044 27.8036 446.5280 261.3416
2008_005096 0.9924 128.6847 112.5066 274.4092 209.1764
2008_005182 0.9889 260.1950 21.7163 427.6367 209.6127
2008_005233 0.9974 32.0517 47.0353 429.7102 317.6928
2008_005233 0.8441 102.3253 88.9673 486.6242 340.2119
2008_005260 0.9850 138.4598 238.3212 231.8251 291.8548
2008_005260 0.9794 73.0796 89.4016 157.9755 137.3296
2008_005260 0.9785 48.9130 166.5874 119.4370 219.0911
2008_005260 0.9770 0.0000 242.4441 48.5518 290.3724
2008_005260 0.9721 174.5090 173.2474 251.8217 219.8867
2008_005260 0.9716 219.4854 284.3567 297.5068 361.4532
2008_005260 0.9549 248.2730 14.1793 298.9482 53.5627
2008_005260 0.9490 391.4331 39.3153 476.3817 91.8356
2008_005260 0.7985 438.0950 221.7338 500.0000 247.1471
2008_005260 0.7774 139.1061 118.7249 234.4108 162.7981
2008_005260 0.6547 0.0000 102.9422 33.5852 153.7050
2008_005522 0.9931 197.5251 388.0533 249.8367 464.8139
2008_005522 0.9646 167.5926 253.5184 252.1531 311.9628
2008_005534 0.9989 115.4686 94.7161 244.1602 182.9224
2008_005534 0.9967 221.0308 180.6602 352.7887 295.4303
2008_005649 0.9967 100.6091 48.7545 497.1247 319.9634
2008_005649 0.7309 203.9544 113.0674 500.0000 315.6513
2008_005649 0.6209 95.3441 63.8397 244.4475 244.4602
2008_005687 0.9968 133.7083 308.2814 197.7833 380.5245
2008_005687 0.9815 254.9675 293.2779 325.6412 378.2036
2008_005687 0.9737 123.8805 354.3789 248.0801 470.0058
2008_005687 0.5229 206.8799 360.7479 252.3080 412.2356
2008_005734 0.9909 226.3406 153.1931 333.8307 285.2798
2008_005774 0.9744 192.9719 74.2452 261.2450 147.2085
2008_005774 0.9303 261.8716 44.6590 336.6635 120.8881
2008_005774 0.6582 183.5839 60.2308 299.6777 149.7080
2008_005774 0.5194 227.6311 46.1496 340.8118 139.3940
2008_005821 0.9963 61.5683 32.4362 442.4923 306.6926
2008_005895 0.9483 105.3410 128.5566 349.9690 183.5856
2008_005895 0.7582 177.3800 133.1756 324.8781 181.7937
2008_005924 0.9536 129.6506 258.5763 183.2974 296.9269
2008_005924 0.8840 129.5004 183.1172 183.2585 222.4359
2008_006002 0.8425 84.3243 28.4565 202.8012 208.4583
2008_006002 0.6742 216.1692 256.3596 474.4724 365.6247
2008_006058 0.9703 181.3897 144.0005 238.8233 211.8907
2008_006143 0.9942 212.0399 155.0610 259.5312 225.2359
2008_006179 0.9631 165.6970 102.6783 260.4803 337.9284
2008_006227 0.9954 281.9403 98.9980 350.0831 172.2848
2008_006227 0.9941 201.8777 94.4426 254.8097 145.6307
2008_006227 0.9871 420.5037 108.1305 474.7828 195.2096
2008_006227 0.9746 38.4053 45.4290 68.1972 92.0362
2008_006227 0.9706 369.7130 92.0946 438.9965 123.7336
2008_006227 0.9318 76.7704 66.4691 184.2140 125.1790
2008_006227 0.8073 407.8630 91.4744 436.0871 136.5318
2008_006227 0.7913 263.5732 81.0347 301.8822 126.0295
2008_006227 0.6635 422.8603 108.3192 449.8462 152.1714
2008_006503 0.9709 269.9225 278.1230 304.7200 298.4411
2008_006503 0.9013 406.6389 266.5285 432.3019 280.9391
2008_006503 0.7167 317.2043 268.3755 342.0914 277.1943
2008_006503 0.6809 170.5463 238.0769 191.0007 254.3146
2008_006503 0.6654 75.2108 223.2427 106.2158 242.9111
2008_006503 0.6198 135.6413 219.7108 156.5134 230.5041
2008_006503 0.5073 317.1831 236.4737 336.3756 257.1351
2008_006503 0.5032 176.5855 219.2168 192.1076 231.7618
2008_006690 0.7161 293.7669 266.9659 313.8611 284.7964
2008_006924 0.9945 122.4014 90.9691 334.5543 216.9749
2008_006997 0.8118 243.5760 225.5374 283.8882 265.5479
2008_007120 0.9697 253.2017 31.3687 365.8474 305.5214
2008_007163 0.6217 97.0796 3.5137 187.7328 86.4675
2008_007188 0.9894 246.7111 126.8574 297.4393 248.7410
2008_007188 0.6453 125.9953 8.1410 302.6370 309.5186
2008_007250 0.9807 89.2083 90.1522 239.1704 309.6013
2008_007266 0.9946 202.3756 126.1176 365.3014 227.0340
2008_007317 0.9553 152.2511 78.6737 404.5847 360.5730
2008_007434 0.9961 195.5973 72.2813 421.1006 321.8177
2008_007434 0.6143 329.5037 5.8506 497.5410 128.0945
2008_007498 0.8632 191.6005 93.2228 469.5663 364.5583
2008_007501 0.9736 77.4359 37.9494 307.4040 407.7970
2008_007501 0.9436 72.3274 27.0664 218.8406 382.7115
2008_007501 0.7485 222.1428 151.2958 331.1171 400.1626
2008_007587 0.9913 33.3276 120.3390 397.3628 344.3847
2008_007594 0.9923 82.4763 179.7510 178.6326 330.8281
2008_007594 0.9894 385.3342 144.1060 451.6366 258.8330
2008_007623 0.9384 64.9309 141.6294 445.2795 303.6586
2008_007623 0.8187 175.2519 139.9776 447.6337 267.1835
2008_007656 0.9966 7.4161 50.8150 375.8863 289.8885
2008_007673 0.9732 194.0320 52.4606 297.0284 148.4506
2008_007688 0.9780 156.4478 166.9757 237.9506 271.7305
2008_007839 0.9797 317.2017 28.5817 426.8835 135.8433
2008_007854 0.9950 247.5557 144.5921 467.2295 431.0628
2008_007854 0.9908 27.5466 103.8935 286.2183 295.4692
2008_007936 0.9978 75.1546 73.2482 375.0000 414.5741
2008_007948 0.9970 61.6845 75.8422 325.7716 322.6653
2008_007948 0.5698 72.1919 111.4584 163.9538 198.4365
2008_007994 0.8842 194.6515 56.0995 407.1682 231.9580
2008_008022 0.9992 177.1689 66.1592 440.9538 327.7584
2008_008057 0.8282 92.7915 253.6479 206.4179 382.3751
2008_008105 0.9966 228.2882 111.0434 343.0125 239.3621
2008_008134 0.9889 159.6469 68.7928 324.3372 373.9693
2008_008145 0.9696 3.4885 49.3027 329.3675 473.5703
2008_008175 0.9984 216.6873 294.1669 326.6362 452.7579
2008_008185 0.9373 269.7708 229.8930 295.4781 250.3398
2008_008185 0.5586 251.3778 228.6492 293.6966 250.8321
2008_008233 0.9955 116.7830 50.5431 389.5064 302.4464
2008_008257 0.9758 0.4566 53.7490 309.8900 369.8510
2008_008257 0.9317 37.2712 79.4518 428.6022 344.6516
2008_008268 0.9923 361.3869 241.5583 464.6556 317.2415
2008_008268 0.9872 34.4951 42.3180 167.3560 106.3466
2008_008284 0.8995 71.4991 98.1448 304.8565 404.9198
2008_008284 0.8847 110.0477 92.0202 324.5065 301.2649
2008_008284 0.6674 77.0260 141.6994 414.3828 438.8438
2008_008292 0.9992 80.9297 65.9374 252.7368 471.0147
2008_008314 0.9956 81.6806 114.7387 278.6961 279.9239
2008_008346 0.9312 14.7374 50.3085 311.6878 487.7050
2008_008346 0.7103 111.8596 47.4521 324.3706 449.4115
2008_008354 0.9846 72.1177 19.1814 301.8234 487.8645
2008_008376 0.9933 77.9333 137.8228 299.3496 276.0927
2008_008376 0.9705 320.9985 86.6313 499.3239 327.1889
2008_008377 0.9982 81.8991 39.5485 321.9564 285.6861
2008_008380 0.9918 166.6289 182.0619 231.3244 350.4904
2008_008387 0.9962 87.7227 77.5381 302.9968 331.9046
2008_008406 0.8964 199.2861 112.7661 322.4247 234.2559
2008_008435 0.9829 73.0627 26.0559 213.0431 165.6595
2008_008435 0.9604 334.9977 159.3118 470.0249 269.1044
2008_008461 0.9573 157.3529 118.4001 299.2366 343.2815
2008_008461 0.8349 64.0766 71.0453 295.9049 346.0504
2008_008506 0.9858 85.8065 221.6783 289.3783 311.2933
2008_008512 0.9993 156.9583 94.6777 271.1610 293.4453
2008_008537 0.8736 210.3234 173.9250 275.4124 239.8666
2008_008595 0.9660 102.1531 53.5738 313.0894 269.2818
2008_008595 0.7154 120.1619 55.9414 396.9281 308.8824
2008_008746 0.9945 66.9967 221.3108 331.7882 378.4315
2008_008746 0.9869 63.8895 107.5138 335.3989 370.3140
2009_000026 0.9849 100.2936 115.8133 388.3959 282.9599
2009_000026 0.8821 73.0890 126.0396 396.7242 363.6186
2009_000035 0.6482 97.7376 194.1081 237.1785 256.6083
2009_000037 0.9973 147.4045 124.6055 295.9338 285.9651
2009_000124 0.9336 338.4780 136.2894 420.0928 176.7484
2009_000146 0.9918 100.4183 99.3308 211.3561 422.5339
2009_000146 0.8931 33.9594 61.2259 222.0912 464.1227
2009_000206 0.9872 139.1297 86.0780 285.2009 383.5287
2009_000206 0.8443 109.1968 68.2006 364.5550 413.7933
2009_000254 0.9615 111.9545 43.9088 456.9745 286.7286
2009_000254 0.7903 76.8857 145.5381 442.2037 310.4102
2009_000297 0.7905 268.6339 10.6091 363.9067 189.8754
2009_000318 0.9962 191.3616 122.0798 286.3178 218.0990
2009_000370 0.9982 19.6398 59.7882 386.3868 327.2932
2009_000389 0.9925 349.7502 27.8571 423.1206 63.1857
2009_000389 0.9822 226.9536 54.9669 300.2360 98.3311
2009_000389 0.9301 127.9138 57.2063 205.1796 91.5009
2009_000435 0.9960 38.1027 24.1979 186.3299 495.6106
2009_000435 0.9464 61.4899 41.6149 195.6600 324.5855
2009_000435 0.5628 18.4243 188.9415 237.0966 481.2905
2009_000536 0.9005 48.1986 168.6049 230.2381 241.6465
2009_000536 0.8650 276.1465 173.3616 314.6919 250.2427
2009_000536 0.6485 47.7298 166.3619 114.9689 227.9949
2009_000536 0.5165 268.3422 188.1896 396.1815 253.9190
2009_000619 0.9768 135.0743 119.3651 323.9392 362.6188
2009_000664 0.9913 201.4703 69.6131 313.6252 410.0464
2009_000664 0.9692 81.7003 144.1577 184.1762 485.8850
2009_000677 0.9603 128.3035 0.8677 500.0000 333.0000
2009_000758 0.9940 166.6448 38.9486 391.4839 370.0940
2009_000812 0.9889 245.9019 152.6199 281.8543 186.3107
2009_000879 0.9987 108.6305 121.0060 237.2746 294.3009
2009_000879 0.5076 64.5953 65.2722 428.3727 306.9409
2009_000898 0.9823 153.5663 254.8369 266.2543 409.9064
2009_000904 0.9932 208.3558 186.9901 281.5443 388.3267
2009_000904 0.9901 38.6602 213.9902 117.5422 392.4619
2009_000958 0.9597 246.6443 111.4234 431.9123 265.1567
2009_000989 0.5028 255.5916 117.6635 306.2504 179.1023
2009_000991 0.9987 95.4203 35.4132 372.4925 337.4355
2009_000998 0.9931 137.4436 58.2484 308.0400 320.5359
2009_001108 0.9966 314.7551 246.7418 430.6331 359.1205
2009_001128 0.9967 45.3567 41.9025 490.9391 394.1442
2009_001128 0.9563 19.7612 14.6944 254.6166 403.0385
2009_001128 0.6665 215.3967 129.9434 493.5757 393.0099
2009_001160 0.9972 30.5706 118.9907 163.2066 441.0424
2009_001166 0.9621 61.2728 38.6333 382.4442 370.9358
2009_001242 0.9983 85.1246 76.9514 459.8575 273.6326
2009_001242 0.7875 174.0916 86.4999 402.9055 282.5341
2009_001242 0.7065 77.2630 109.1762 349.8564 269.6393
2009_001252 0.8989 56.6276 239.3619 81.4194 257.4711
2009_001252 0.8618 56.1754 238.3306 117.5146 259.4149
2009_001252 0.7727 348.1917 242.4176 380.9259 258.3472
2009_001314 0.9917 100.6312 128.5500 292.9769 318.6926
2009_001348 0.6396 88.3589 35.3642 375.0000 351.8112
2009_001397 0.9840 73.3374 67.9425 159.4006 387.5538
2009_001406 0.7612 168.8925 189.3897 187.8201 214.0107
2009_001554 0.9873 219.1626 131.9773 342.3474 225.4681
2009_001565 0.9783 53.6977 74.1017 224.0544 224.7173
2009_001565 0.9291 63.4624 74.3712 473.2818 229.9020
2009_001565 0.7989 164.1146 92.5658 458.6945 219.7040
2009_001587 0.9957 175.0241 89.3043 343.8401 190.8230
2009_001607 0.9897 55.0963 49.2565 248.6189 312.1533
2009_001683 0.9948 116.5680 72.6017 348.7570 418.3114
2009_001741 0.9868 165.6346 175.0027 275.2097 324.9085
2009_001741 0.9861 165.0715 143.9774 209.6076 181.4230
2009_001741 0.5592 154.2298 433.7487 176.2210 456.3723
2009_001741 0.5258 211.6376 185.7814 279.6431 310.6424
2009_001765 0.9990 175.1033 92.2808 345.7626 242.6219
2009_001929 0.9930 7.7620 34.0640 432.1160 250.7533
2009_001929 0.8942 21.1380 78.3285 328.9841 252.2302
2009_001929 0.6411 211.4064 28.2310 441.5892 184.5417
2009_001929 0.5787 102.4839 23.1547 445.2383 204.3796
2009_002056 0.9962 134.0101 84.5978 371.7908 411.7500
2009_002205 0.9956 198.7363 89.7036 290.6662 161.8768
2009_002205 0.9715 62.1123 327.5863 102.1739 374.2155
2009_002226 0.9535 101.2733 66.6365 183.5554 134.3854
2009_002226 0.9334 108.0352 60.6997 340.9432 220.2205
2009_002226 0.9151 44.1367 45.3630 334.5880 299.2009
2009_002286 0.9984 176.1711 102.4230 325.2151 209.5053
2009_002319 0.9967 10.2337 96.3050 398.0000 488.0666
2009_002393 0.9444 301.8975 5.8478 327.3373 14.0638
2009_002393 0.5546 301.1921 8.2993 326.1477 14.9954
2009_002414 0.8393 146.0688 98.4208 326.2522 285.4693
2009_002465 0.7720 263.3984 20.3544 281.1959 44.0350
2009_002465 0.7316 117.5995 203.7531 140.0144 213.6656
2009_002465 0.5893 28.2186 44.1209 45.0068 63.8942
2009_002525 0.9778 190.6359 128.8761 272.8187 274.7503
2009_002525 0.9210 195.2458 110.2395 315.1834 284.0639
2009_002604 0.9368 181.0578 182.8439 274.4312 270.8040
2009_002608 0.9458 58.4507 71.8630 354.1261 338.6331
2009_002645 0.9440 0.0000 33.0253 351.4980 500.0000
2009_002754 0.9995 207.1671 99.5763 362.2182 296.8082
2009_002809 0.9973 31.9755 39.3693 320.4398 396.1620
2009_002809 0.9330 28.7907 96.9800 474.3680 394.7711
2009_002809 0.7800 22.8357 20.1055 178.1246 401.8096
2009_002877 0.5008 2.7740 171.8379 319.2607 500.0000
2009_002920 0.8531 107.4471 102.0816 404.1168 265.9046
2009_002962 0.9955 69.0488 24.5292 393.2092 285.9951
2009_002962 0.9545 198.7285 113.1994 393.0577 274.2275
2009_002962 0.6225 75.5299 28.5167 307.7019 199.5441
2009_002975 0.6761 457.8640 43.9074 496.4285 65.7289
2009_002977 0.9839 104.0861 163.0509 154.3788 265.0463
2009_002977 0.8812 323.0604 171.5629 347.4273 242.4702
2009_002977 0.7570 178.1386 170.9544 214.3417 252.3949
2009_002977 0.7471 226.9947 154.1250 260.8250 253.4756
2009_002977 0.6821 203.3325 150.8577 258.7720 255.2194
2009_002977 0.5761 460.1696 167.7476 490.2605 246.7131
2009_003043 0.6391 268.0855 273.8412 278.7489 280.0623
2009_003043 0.5173 270.1893 273.0016 280.4774 278.9520
2009_003052 0.9972 199.8843 198.6059 317.2455 287.7564
2009_003151 0.9707 229.0390 78.9749 360.4073 128.7716
2009_003151 0.9646 223.2012 78.8062 271.3140 117.4666
2009_003151 0.6787 238.2358 97.5561 371.4480 127.1282
2009_003259 0.9871 211.6681 123.6292 290.1338 281.5123
2009_003273 0.9979 39.2805 50.3615 396.7988 374.7271
2009_003300 0.9956 230.6673 43.5856 390.4664 344.2682
2009_003378 0.9948 212.2593 31.3790 425.7225 449.7682
2009_003378 0.5680 85.6603 22.7471 438.5882 453.0577
2009_003399 0.9924 88.9930 125.6068 348.6590 320.8301
2009_003417 0.9934 71.2348 104.6479 118.3570 270.6548
2009_003417 0.6557 271.6429 181.2273 299.4921 208.3561
2009_003450 0.9980 51.6674 254.6673 355.9584 428.1454
2009_003487 0.8839 189.3209 69.6819 331.7382 194.5143
2009_003498 0.9893 111.7725 68.9597 382.0096 316.1875
2009_003606 0.9970 253.1212 17.9661 458.8105 287.8130
2009_003640 0.9916 176.6306 106.3277 358.7431 314.3914
2009_003640 0.7100 87.3512 99.2730 377.7958 317.8190
2009_003713 0.9962 176.6431 101.0667 345.5435 246.7614
2009_003858 0.9796 134.7075 92.9445 328.4944 260.7547
2009_003858 0.9090 140.8745 62.5057 485.4251 343.7582
2009_003870 0.9975 147.4038 124.5825 285.3564 483.7444
2009_003911 0.9918 123.6952 165.7088 183.5991 264.3511
2009_003911 0.9891 317.7259 146.9286 377.7714 189.4662
2009_003962 0.9328 10.8582 51.5616 258.8834 458.5253
2009_004001 0.9523 68.5798 28.5063 444.2857 320.6194
2009_004021 0.9885 124.9034 95.2103 297.3015 200.8189
2009_004021 0.9285 54.8075 87.3528 297.6373 214.9387
2009_004044 0.9978 30.4392 38.4670 258.4861 275.4338
2009_004084 0.9968 40.6505 136.8566 223.4687 459.9031
2009_004141 0.9970 103.3410 60.1997 251.0355 163.0733
2009_004346 0.9657 215.2965 137.5799 325.6584 225.8613
2009_004509 0.6192 190.3155 161.4256 277.7587 316.5300
2009_004524 0.8287 352.3033 84.9324 388.8799 115.2929
2009_004540 0.9737 225.5576 12.3015 370.0300 207.2487
2009_004552 0.9882 187.4072 88.0967 328.5849 389.9584
2009_004568 0.9961 380.6020 217.5409 451.2099 285.7278
2009_004568 0.9936 161.8606 198.4601 199.5435 257.3059
2009_004568 0.9907 228.7448 237.9715 290.4531 309.5523
2009_004568 0.9872 393.9118 180.7116 481.5904 232.7812
2009_004568 0.9734 96.7507 87.9326 155.6180 144.8707
2009_004568 0.9409 167.4389 91.4320 244.9945 221.7734
2009_004568 0.8067 188.4877 114.8947 253.6162 213.3899
2009_004568 0.5719 207.9868 100.2752 253.3661 146.9216
2009_004625 0.9970 173.3661 98.9080 288.8409 338.5506
2009_004686 0.8193 137.6407 41.6032 425.1715 323.0013
2009_004686 0.7045 176.7673 50.5533 343.2877 320.2523
2009_004686 0.5882 0.0000 82.1964 294.1635 327.2243
2009_004713 0.9979 219.5890 102.9534 379.2510 278.8958
2009_004713 0.9968 99.5527 146.3555 228.6563 273.0863
2009_004754 0.9981 31.5935 77.6389 332.6214 460.9922
2009_004765 0.9760 114.7426 240.8180 237.4476 361.9813
2009_004765 0.9710 229.3526 176.6902 472.2269 280.6961
2009_004765 0.9600 80.4357 47.5351 244.5601 359.2364
2009_004765 0.9362 80.6330 50.1540 455.0208 336.2392
2009_004858 0.9614 99.8335 150.4660 208.9645 185.4422
2009_004886 0.9437 75.3670 72.8431 337.2769 293.2609
2009_004895 0.9781 2.8592 24.2142 311.0770 241.5980
2009_004895 0.9740 121.2787 88.1597 313.7668 217.8082
2009_004895 0.9118 71.0107 41.0679 470.5711 274.7419
2009_004895 0.6973 25.6767 64.5657 372.6209 305.6043
2009_004895 0.6410 0.0000 68.4340 169.3373 196.1435
2009_004946 0.9975 6.0145 60.0219 234.2379 491.8540
2009_004996 0.7685 270.5618 190.9955 344.3510 241.9832
2009_005114 0.5544 94.0264 147.2492 313.3266 279.7201
2009_005114 0.5051 174.9253 145.9712 318.0405 267.9421
2009_005137 0.9921 238.1176 64.9830 412.9597 289.9710
2009_005152 0.9966 229.4534 157.7650 295.8872 211.5971
2009_005260 0.9978 199.9423 91.8470 326.5653 269.9427
2009_005262 0.9169 139.2616 149.2740 338.0649 323.5717
2010_000151 0.9960 99.2747 236.2069 223.5836 373.6894
2010_000184 0.9549 123.6014 76.3392 306.5581 289.5574
2010_000184 0.6966 100.0709 77.1264 307.5676 426.9806
2010_000197 0.9737 26.3043 312.6734 241.9181 492.5530
2010_000241 0.9987 135.6754 51.7620 416.3968 284.4055
2010_000335 0.9930 245.3680 143.9658 304.5866 175.1202
2010_000502 0.9639 200.3078 85.7675 252.2119 142.2009
2010_000547 0.7354 128.0786 242.6061 165.0179 276.8717
2010_000621 0.9899 31.7120 62.0173 347.4735 326.5576
2010_000621 0.9141 13.5987 52.8418 292.7599 261.2774
2010_000621 0.8063 25.7655 47.1776 241.7067 216.2657
2010_000621 0.6396 119.1970 140.2060 360.7856 291.3303
2010_000621 0.5047 98.7705 128.0668 351.0670 236.7884
2010_000814 0.9009 57.1248 43.8245 259.8535 500.0000
2010_000836 0.9647 212.8962 109.5519 292.6000 256.3394
2010_000918 0.9988 83.6221 47.3955 143.7298 103.8665
2010_000961 0.9978 128.7186 134.5803 258.2273 319.6031
2010_001016 0.9981 173.4688 58.4359 379.3640 242.4945
2010_001016 0.6993 376.2703 160.9552 467.3552 191.3001
2010_001042 0.9946 120.4459 101.0074 329.1593 246.9780
2010_001061 0.9951 100.6472 45.2789 303.0052 249.6866
2010_001069 0.9986 58.0094 92.5804 317.0411 472.4442
2010_001125 0.5146 0.0000 2.6715 375.0000 337.6601
2010_001201 0.9983 210.9319 104.0728 329.2527 336.8675
2010_001520 0.9895 132.6815 160.0296 235.0453 320.4498
2010_001584 0.9887 352.9195 72.5273 424.3683 183.0817
2010_001697 0.9992 69.5557 140.2480 430.3340 330.2446
2010_001697 0.5860 70.9579 305.4596 87.5787 318.0578
2010_001820 0.8314 243.2898 151.1635 297.0547 258.2884
2010_001868 0.9038 206.3762 119.2101 327.7501 234.0476
2010_001927 0.9964 120.4092 24.6742 434.1129 244.0880
2010_001987 0.9148 121.7828 255.7540 152.3549 277.0219
2010_001987 0.5280 22.7977 244.2316 51.6478 267.3138
2010_001988 0.9972 98.6102 1.7049 336.1841 243.8519
2010_001992 0.9840 195.5154 83.3685 358.0886 286.5656
2010_001995 0.9976 4.0120 171.7313 375.0000 500.0000
2010_002067 0.5095 155.6156 154.3629 250.0439 252.7582
2010_002142 0.9863 181.0724 94.2985 367.8152 260.9662
2010_002181 0.9810 144.4477 79.1576 456.0087 263.0131
2010_002181 0.6632 167.5621 131.8263 480.8215 229.7922
2010_002181 0.6572 130.4232 80.6965 363.6604 211.2034
2010_002181 0.5314 127.6539 74.8137 275.1099 213.1133
2010_002294 0.7627 158.6771 107.4412 326.1459 273.6076
2010_002370 0.8859 119.9910 170.1945 180.5806 231.2666
2010_002436 0.9785 98.4454 108.1926 324.7232 433.5472
2010_002569 0.9953 161.6088 125.4264 255.3953 237.3429
2010_002601 0.5631 137.0016 87.0726 466.6920 354.2182
2010_002621 0.9739 266.0118 100.8301 421.5259 214.7759
2010_002621 0.8832 340.2890 101.1041 425.5504 201.6513
2010_002621 0.8531 61.9725 140.3087 258.8368 229.4260
2010_002621 0.8344 169.8046 106.8461 419.1571 220.6245
2010_002666 0.9845 213.2118 129.7074 329.2636 243.5646
2010_002740 0.9973 3.2716 25.3774 311.7344 500.0000
2010_002740 0.5523 0.5384 64.4725 204.3533 500.0000
2010_002791 0.5327 181.4931 368.4310 201.8376 393.8669
2010_002803 0.9842 275.9067 187.9997 293.0307 217.1443
2010_002854 0.9968 149.9029 34.4069 230.4122 273.8010
2010_002854 0.9931 301.6712 91.7823 372.7702 152.7245
2010_002854 0.9700 74.7286 256.8433 155.6409 362.8745
2010_002873 0.9873 86.2306 138.4369 347.2713 251.0218
2010_003015 0.9780 129.5932 51.8257 376.9563 129.2478
2010_003015 0.9310 322.0538 56.9362 488.9716 130.3248
2010_003015 0.7319 185.1059 53.9610 479.2259 133.3295
2010_003081 0.9935 174.6714 127.6597 372.7594 282.7254
2010_003147 0.5860 25.9265 79.8109 435.0643 259.0894
2010_003147 0.5126 295.6511 78.3690 464.2189 206.8767
2010_003168 0.9975 73.2501 53.1118 284.2978 177.8686
2010_003168 0.9956 173.0963 193.8581 256.9155 250.1828
2010_003362 0.9951 89.5613 82.3724 500.0000 355.0198
2010_003362 0.7447 286.6443 62.2041 500.0000 358.8974
2010_003362 0.5058 106.6997 91.1769 358.7531 279.5879
2010_003366 0.6588 332.8931 68.5042 354.4667 81.2635
2010_003366 0.5572 365.2018 6.3381 408.5029 32.6773
2010_003418 0.9951 158.0808 32.9481 327.0533 267.5518
2010_003419 0.9609 8.1384 7.0570 328.4077 290.9433
2010_003419 0.8750 144.5753 48.7929 477.6683 327.5442
2010_003419 0.6571 73.0298 9.5810 416.5633 229.5118
2010_003419 0.5776 1.4734 38.7179 185.7009 150.5815
2010_003419 0.5703 116.0105 22.0071 343.4164 320.7260
2010_003473 0.9824 116.9285 27.2313 346.9346 306.8416
2010_003473 0.6820 169.4312 179.9234 348.3771 320.4942
2010_003473 0.5857 170.9253 26.0889 338.4844 229.7594
2010_003503 0.9870 196.6859 75.8506 344.0999 241.9935
2010_003503 0.5400 256.8856 112.6209 341.5958 226.7756
2010_003568 0.6046 191.8113 398.2888 373.1938 483.4205
2010_003610 0.9545 81.5999 86.8322 113.4299 128.6207
2010_003724 0.9395 206.3108 82.0389 365.6532 332.9368
2010_003771 0.9911 165.3981 81.7485 359.0105 309.8785
2010_003771 0.8535 187.3288 65.3553 422.3782 336.4474
2010_004026 0.9967 53.2527 101.6651 399.8124 299.5344
2010_004026 0.5516 212.1037 118.0519 400.1058 271.8511
2010_004105 0.6470 175.9549 48.5679 280.1040 90.4158
2010_004187 0.9767 73.2675 79.7931 357.5598 276.6289
2010_004201 0.9303 189.5522 224.3656 319.9457 281.9657
2010_004201 0.8630 226.6749 236.8425 322.7358 283.7540
2010_004201 0.8502 179.0733 223.9486 278.0273 272.2686
2010_004230 0.9982 333.2957 14.2687 369.3031 54.0636
2010_004230 0.9364 48.3769 139.9797 101.5806 167.3963
2010_004230 0.7076 45.4475 146.0138 93.1538 165.1265
2010_004352 0.9974 103.2593 216.4861 165.0957 364.6552
2010_004420 0.9970 191.7120 161.4867 316.5624 232.6642
2010_004431 0.9958 258.0426 57.1399 334.6986 93.9630
2010_004483 0.9957 98.2262 59.6509 457.6992 306.2647
2010_004556 0.9990 292.2305 83.9649 448.0000 209.8976
2010_004559 0.9991 0.0000 53.1287 462.1354 318.0562
2010_004570 0.9845 167.9944 119.9522 240.1321 201.2006
2010_004570 0.7572 188.4044 120.3788 238.5989 186.5605
2010_004821 0.8918 123.2763 94.6891 172.1129 180.8768
2010_004821 0.7610 142.0237 105.3302 174.3293 162.4635
2010_004906 0.9923 22.2533 121.5462 287.4989 323.0669
2010_004906 0.9094 129.2139 121.7581 269.2480 308.2681
2010_004906 0.8707 192.2921 123.3027 270.6931 292.7686
2010_004906 0.7464 122.5128 186.9916 228.1813 274.8592
2010_004994 0.9933 213.1116 97.5463 333.7218 349.9424
2010_004994 0.9853 39.9072 83.1656 161.3508 302.6503
2010_004994 0.6549 367.9742 116.9176 485.6995 358.1119
2010_005023 0.8193 153.6676 150.6726 260.9537 209.5966
2010_005053 0.6687 68.5019 93.9765 468.0540 238.5640
2010_005096 0.6407 8.2550 41.0432 338.2969 308.1999
2010_005108 0.5550 99.1562 63.9951 143.9408 96.7267
2010_005123 0.7126 303.2633 48.3567 329.1858 58.5423
2010_005293 0.5003 244.0596 163.0039 268.0863 198.0779
2010_005353 0.7597 253.0606 185.1750 317.8387 273.0222
2010_005428 0.9981 210.2873 11.6389 436.4694 246.5469
2010_005428 0.5546 37.7830 60.0662 247.9487 210.8733
2010_005452 0.9977 149.1187 44.1959 227.7393 149.7001
2010_005472 0.9948 94.1207 130.1965 209.8379 192.1583
2010_005516 0.9861 38.6651 183.9807 173.9665 264.4314
2010_005516 0.9854 77.6724 29.8851 142.7428 122.1874
2010_005516 0.9462 256.8513 144.8361 431.1667 229.6278
2010_005516 0.9335 362.2568 263.3096 496.7506 328.4652
2010_005531 0.9950 152.9996 167.5639 265.1172 381.8187
2010_005586 0.9892 19.1511 26.9592 406.5224 475.7364
2010_005586 0.7002 7.5549 20.0086 392.8607 274.4548
2010_005586 0.5347 8.7557 110.0566 267.8387 491.5387
2010_005651 0.9879 183.9040 102.3716 336.6455 234.1658
2010_005651 0.9282 148.9886 95.1771 371.2985 320.3732
2010_005651 0.8867 58.9065 52.1321 364.8077 301.2205
2010_005837 0.9862 139.9774 45.8684 382.8877 227.5548
2010_005837 0.9788 64.9208 54.6673 234.7961 219.5442
2010_005837 0.8769 105.7963 32.2244 360.2958 283.1252
2010_005896 0.9462 208.6550 47.5892 354.1092 214.8873
2010_005993 0.9868 257.9583 74.7554 311.3047 139.5103
2010_006084 0.9985 1.5675 26.0073 390.8486 364.6226
2011_000002 0.9957 145.9324 203.6598 214.8013 268.7982
2011_000112 0.9888 68.6269 210.3681 193.4503 260.3711
2011_000112 0.9581 292.2449 208.2081 408.8318 289.8095
2011_000112 0.9484 139.6863 208.3876 202.3436 240.6086
2011_000112 0.6375 24.0900 274.6133 80.6833 305.5027
2011_000114 0.9779 77.3103 340.0415 339.3243 403.9834
2011_000185 0.9387 7.6004 4.7386 500.0000 357.2414
2011_000232 0.9689 212.1418 170.0594 298.2938 227.6641
2011_000246 0.9795 0.0000 138.1210 126.3744 386.9213
2011_000246 0.8336 0.0000 233.4090 76.0290 354.4908
2011_000320 0.5322 196.7268 68.2522 301.4784 290.4965
2011_000374 0.9905 156.8230 52.0851 255.8633 318.4798
2011_000456 0.8489 314.7303 87.6345 400.6111 299.1649
2011_000482 0.8637 20.1412 22.5066 465.8776 317.2858
2011_000482 0.8115 0.0000 57.3664 271.3145 307.3990
2011_000511 0.9941 121.9634 79.2495 425.7119 309.3396
2011_000511 0.8772 116.4221 88.6744 375.7273 252.9430
2011_000518 0.5536 210.1786 113.6004 282.3637 149.2169
2011_000536 0.5533 100.5979 270.8423 145.2888 289.7968
2011_000548 0.8526 47.0028 190.2096 71.1518 232.3520
2011_000548 0.8421 107.3008 198.4116 138.1848 245.4150
2011_000548 0.7967 4.5093 121.6829 15.8349 138.8420
2011_000548 0.7129 60.5831 145.7371 102.1258 191.3222
2011_000548 0.5865 60.6243 158.5177 80.4378 188.9778
2011_000548 0.5227 67.3134 145.1550 102.4909 171.5043
2011_000554 0.9552 113.9433 143.2457 195.1157 213.1014
2011_000554 0.9150 388.1859 156.7189 474.3885 269.9200
2011_000554 0.8631 77.9699 177.2623 220.5303 309.8516
2011_000554 0.6814 6.8722 161.3753 72.6454 215.0087
2011_000554 0.6221 147.6592 187.4754 226.9206 311.9400
2011_000554 0.6135 257.3254 158.7847 307.2815 273.2336
2011_000554 0.6008 127.7045 135.2132 211.7058 205.7788
2011_000554 0.5744 352.7183 146.9767 407.3143 233.9004
2011_000554 0.5048 109.0918 133.5029 247.1805 213.9253
2011_000669 0.9938 191.4764 102.0965 253.4312 218.4059
2011_000669 0.9842 239.2225 73.4256 323.4315 167.2916
2011_000718 0.9962 178.7066 126.4329 267.0384 228.4224
2011_000734 0.9930 55.7882 124.0639 268.6934 482.0083
2011_000734 0.9240 78.0224 33.0584 238.4805 191.5281
2011_000850 0.9968 104.4238 59.9844 442.6593 369.9204
2011_001084 0.9943 34.1711 110.9974 375.2094 266.4637
2011_001084 0.8292 97.8538 110.4021 366.6243 229.4559
2011_001229 0.9981 29.5657 55.1290 470.8628 262.5850
2011_001287 0.9990 1.6569 90.3668 457.4642 312.1464
2011_001326 0.9839 209.1774 59.7041 453.9221 259.5392
2011_001421 0.9733 142.8765 146.0485 260.8759 367.3005
2011_001421 0.5684 109.5713 135.1057 314.6409 365.2585
2011_001471 0.9910 213.1031 88.6802 305.7028 175.5102
2011_001558 0.9959 155.6632 70.1969 335.4211 308.6665
2011_001591 0.7012 151.1755 173.7421 167.4780 195.7813
2011_001712 0.9763 56.9121 55.4994 255.5009 454.9367
2011_001712 0.9122 82.6976 47.6630 274.8817 280.6154
2011_001873 0.9811 227.4048 148.1149 478.2323 305.5348
2011_002016 0.9977 220.9837 69.8353 329.4776 344.9988
2011_002100 0.9920 140.2936 16.8265 331.8952 212.0402
2011_002221 0.5707 150.0862 31.0077 320.0421 256.3452
2011_002230 0.8099 174.6401 163.7550 341.6545 362.0430
2011_002295 0.9974 193.3505 78.9889 312.8227 259.6849
2011_002407 0.9820 36.7805 64.5442 298.0661 419.7812
2011_002407 0.9698 87.1379 49.1435 320.7594 293.7596
2011_002407 0.5005 96.7059 44.6344 331.3416 466.7293
2011_002463 0.9608 37.5921 61.3862 491.8429 306.5012
2011_002463 0.7400 163.5506 153.8748 488.4357 323.6763
2011_002463 0.6843 265.7959 153.4776 492.7441 292.0745
2011_002548 0.9972 239.7461 43.3821 342.5278 131.0328
2011_002548 0.9832 452.4937 153.8778 485.1089 233.2638
2011_002548 0.9772 301.5485 185.4344 389.0662 254.1919
2011_002548 0.9402 52.1362 115.1584 120.9759 155.1767
2011_002578 0.9882 415.6281 247.3826 491.3150 311.5750
2011_002674 0.9938 121.2430 58.5500 390.6683 429.7619
2011_002772 0.9480 112.8899 177.6740 172.9101 234.2014
2011_002868 0.9981 122.8084 81.0770 373.8157 239.5704
2011_003030 0.7252 0.0000 54.3830 471.3489 322.4765
2011_003145 0.9986 96.7500 189.5323 290.1768 311.1810
2011_003145 0.7987 81.8343 89.1229 103.2151 98.2401
2011_003163 0.9651 199.6070 30.7869 462.2607 180.7767
2011_003213 0.9966 263.1547 48.4615 419.3235 324.6877
