2008_000120 0.9945 17.4184 47.8338 420.1412 279.3032
2008_000140 0.9907 0.8751 387.3344 228.7068 472.4103
2008_000140 0.8859 251.3826 431.0021 374.7537 467.0300
2008_000140 0.6100 6.4260 361.9955 320.5931 472.6932
2008_000140 0.5895 2.4798 302.6164 358.2924 467.0995
2008_000195 0.6268 79.0276 242.7803 199.3097 305.5800
2008_000414 0.7726 25.2496 43.3114 374.5959 302.3840
2008_000414 0.7199 31.2604 146.0036 391.6440 312.1631
2008_000834 0.7494 82.1905 170.2659 477.5127 295.9580
2008_000957 0.9615 46.3074 36.8442 482.6753 314.2739
2008_000957 0.9085 84.0021 36.2703 249.7461 305.8166
2008_000957 0.8135 97.3434 243.0034 488.5131 323.5727
2008_001013 0.5143 50.0031 71.6161 375.0000 421.9596
2008_001040 0.7696 72.5660 131.1312 453.9177 203.1618
2008_001041 0.9445 120.6799 19.4859 345.6653 314.3448
2008_001041 0.9251 137.2881 177.5638 337.2151 324.9926
2008_001135 0.5964 126.7655 150.8516 424.2845 214.3253
2008_001136 0.9737 204.7670 134.5714 324.5756 219.9727
2008_001136 0.9652 57.3558 144.6448 175.0614 219.5722
2008_001136 0.9182 11.1704 314.1646 32.9883 331.4546
2008_001136 0.9067 477.7409 189.0314 500.0000 211.5701
2008_001136 0.8809 317.5131 156.6980 453.3739 219.7977
2008_001136 0.6803 448.2019 190.8387 481.5578 208.6408
2008_001136 0.5107 28.1540 163.1453 175.5525 223.5572
2008_001160 0.8669 36.6998 91.3830 491.7379 171.9639
2008_001167 0.8231 49.4006 55.8470 70.8785 66.8159
2008_001167 0.5872 0.0000 100.1770 426.3359 357.6870
2008_001260 0.9881 41.1947 66.7561 466.8744 280.6148
2008_001516 0.7160 73.6193 2.4791 394.4728 333.0000
2008_001564 0.7228 2.2214 131.1020 500.0000 322.0000
2008_001564 0.6555 3.7299 17.3722 190.1577 322.0000
2008_001575 0.5933 236.1340 212.5319 275.2997 225.9638
2008_001799 0.9633 169.3799 346.6624 237.5786 383.2828
2008_001843 0.9911 12.3637 210.1571 209.8151 299.5108
2008_001843 0.9785 339.2172 205.7018 479.6643 279.5949
2008_001843 0.9614 220.7695 216.4227 262.0928 226.7784
2008_001843 0.5636 22.7162 246.4340 208.1207 296.8261
2008_001858 0.9651 212.0656 158.6006 282.2063 219.1586
2008_001945 0.9625 174.2855 178.7521 230.1569 223.3588
2008_001987 0.8683 104.7339 225.5386 134.5543 247.4839
2008_001987 0.6858 55.2174 251.9167 264.0959 297.6427
2008_001987 0.5260 105.1544 220.2876 199.3887 251.3488
2008_002194 0.9622 318.8826 154.1346 376.7556 177.8347
2008_002194 0.9300 4.7035 210.8727 26.8198 242.8726
2008_002194 0.8398 273.0797 153.3530 323.5556 170.7206
2008_002194 0.5275 0.0086 104.8040 56.4709 197.4687
2008_002194 0.5228 108.5518 180.6682 116.9369 190.0923
2008_002492 0.6273 381.4694 286.3897 401.2026 295.1374
2008_002492 0.5132 123.3563 267.0715 162.8707 287.3084
2008_002504 0.9681 8.0010 167.3436 477.4801 322.8351
2008_002504 0.7214 31.1227 56.1898 486.3972 300.8611
2008_002610 0.7779 15.6484 168.8693 176.4553 222.3173
2008_002610 0.5339 22.9700 165.3951 282.2283 229.2201
2008_002709 0.8548 0.0000 225.3988 43.6556 252.6929
2008_002709 0.7656 38.6256 232.2237 112.0683 252.3909
2008_002773 0.9513 167.8557 281.4572 232.1990 303.4693
2008_002773 0.8431 392.9902 284.1577 482.8377 309.0219
2008_002773 0.8208 39.9596 280.6351 145.4282 306.3312
2008_002773 0.7325 250.5074 286.1897 318.0493 305.1647
2008_002773 0.6277 1.0239 281.3990 53.3051 303.9052
2008_003034 0.9722 0.0000 134.2957 500.0000 327.3171
2008_003100 0.7036 0.0000 221.7053 455.9070 330.5780
2008_003100 0.5401 171.1906 235.4191 457.5710 331.5724
2008_003187 0.9791 181.2265 87.4715 275.4703 222.9661
2008_003187 0.7886 42.5175 169.5046 61.5167 210.5763
2008_003225 0.6117 33.6987 31.7041 322.0020 159.5198
2008_003336 0.5404 224.4626 137.3214 249.8907 179.0126
2008_003402 0.7655 89.5663 181.6724 202.9510 221.8791
2008_003449 0.9765 71.2042 93.1499 363.6465 230.1119
2008_003449 0.9647 64.7059 31.9640 364.2228 303.5000
2008_003449 0.8360 85.8902 113.1828 364.3338 361.6535
2008_003449 0.5972 479.5914 110.4401 499.2141 138.3882
2008_003840 0.9274 37.2907 0.0000 274.6961 358.0094
2008_003840 0.8346 6.6413 171.2316 61.1663 189.5484
2008_003840 0.7750 381.7631 156.2738 409.1951 178.5006
2008_003840 0.7498 274.7738 158.3360 297.3414 173.9788
2008_003840 0.7441 25.2190 84.1075 358.8352 375.0000
2008_003840 0.6519 327.3836 147.6935 347.3103 172.3376
2008_003840 0.5707 274.2262 166.0387 299.9172 174.7009
2008_003858 0.9716 0.0000 67.6567 500.0000 271.0845
2008_003858 0.6340 0.0000 185.7147 497.0056 276.3596
2008_003886 0.9679 148.3927 119.9949 457.8717 216.8060
2008_003951 0.8728 324.0509 96.1061 389.0164 119.0083
2008_003988 0.9407 99.4870 146.7293 154.4662 166.0422
2008_003989 0.7458 131.4258 103.2794 212.8259 256.3690
2008_004242 0.7857 12.9606 14.9166 398.7400 134.4744
2008_004242 0.5533 2.4336 25.9822 453.1804 179.3127
2008_004469 0.9289 26.3969 176.0495 138.0850 222.0619
2008_004469 0.9015 134.1232 197.4038 205.4922 216.1806
2008_004711 0.7069 2.0763 6.1091 253.8182 253.0884
2008_004716 0.8939 243.6263 74.6130 381.2345 273.4483
2008_004716 0.5693 306.8699 222.7296 405.2461 261.7688
2008_004716 0.5401 176.4212 66.9502 420.8191 275.2902
2008_004718 0.8691 2.3577 339.9702 50.6153 355.1107
2008_004718 0.6902 27.0226 25.5634 328.7175 443.4417
2008_004812 0.9668 233.2118 182.8896 263.9161 201.8760
2008_004812 0.7834 236.3702 191.2173 381.1372 292.4900
2008_004812 0.5699 4.0229 136.2614 21.2971 143.7041
2008_004904 0.7368 31.0252 0.0000 335.7987 354.5229
2008_004904 0.5031 8.9709 179.2728 258.2761 361.9835
2008_004907 0.9269 272.5444 93.6914 285.4041 140.1538
2008_004907 0.9262 167.6737 103.4263 182.4829 133.5735
2008_004907 0.8361 423.1475 88.2721 441.5150 138.4581
2008_004921 0.9025 242.3680 0.0000 488.4987 317.9791
2008_004921 0.8976 0.0000 235.8984 145.2006 313.7047
2008_004921 0.8529 10.3066 2.1552 142.7321 323.0555
2008_004921 0.8187 5.8912 199.9736 153.1135 305.7385
2008_004921 0.7836 146.9444 224.1087 245.4431 314.7249
2008_004921 0.6934 243.0543 130.2148 500.0000 319.2489
2008_004921 0.5711 242.4555 217.8738 500.0000 321.1974
2008_005043 0.9756 9.7739 121.8947 61.6440 141.8608
2008_005043 0.5652 12.4604 127.8067 63.1367 144.1191
2008_005063 0.8449 258.8769 28.9434 315.2248 41.3759
2008_005063 0.5664 359.6482 40.7122 372.6286 48.3538
2008_005117 0.9852 144.6341 46.0353 171.5593 84.7245
2008_005244 0.5735 67.4533 13.9692 344.1741 433.8257
2008_005261 0.9948 100.7353 200.1289 124.2199 242.7219
2008_005261 0.9746 377.6527 189.4134 411.7217 209.2028
2008_005261 0.9556 175.3010 210.0354 255.2783 239.2314
2008_005261 0.5004 491.5439 199.3399 499.7498 208.4178
2008_005359 0.8797 21.8284 190.4649 67.7719 207.4280
2008_005359 0.6797 39.6867 177.8917 148.5233 207.1518
2008_005398 0.9856 169.9098 132.0274 330.5573 189.1362
2008_005504 0.9878 22.6406 114.1868 138.3421 352.2004
2008_005504 0.7738 371.2129 78.9237 436.3702 288.0596
2008_005504 0.7689 146.9584 189.6376 189.5719 200.3420
2008_005504 0.7657 391.2641 263.1190 459.6666 282.0090
2008_005504 0.7002 22.2021 308.6317 138.7234 340.2616
2008_005530 0.8843 252.2049 225.8827 267.2469 248.7978
2008_005530 0.8591 453.9604 215.4017 483.0971 256.8224
2008_005530 0.8356 216.8855 224.8486 239.7171 259.5650
2008_005530 0.7308 340.2388 229.4376 365.3412 252.3187
2008_005588 0.7167 129.1574 95.2512 429.8080 206.2990
2008_005628 0.9527 36.8436 196.9457 197.9338 253.6129
2008_005628 0.8245 31.0954 0.0000 194.9135 247.3752
2008_005628 0.5876 106.5310 2.5747 178.5301 213.3237
2008_005664 0.8901 189.7646 222.2207 328.2782 238.3817
2008_005695 0.9864 112.6288 38.8014 378.2036 261.5964
2008_005695 0.6909 129.3831 227.7189 362.9561 262.5815
2008_005720 0.5317 129.8320 103.6724 483.7649 335.3404
2008_005764 0.9769 164.0280 182.2764 304.5234 211.6321
2008_005764 0.6975 125.7664 193.7245 145.5570 200.2770
2008_005863 0.8994 30.8568 87.1732 364.4092 358.0198
2008_005863 0.8569 86.8897 3.8337 401.7756 370.2098
2008_006021 0.9463 191.2507 190.2771 275.1447 241.9627
2008_006094 0.9763 20.2473 106.0141 434.9458 308.1893
2008_006094 0.9383 320.6763 16.3662 390.7492 32.0218
2008_006094 0.8051 195.3277 70.1560 438.7650 316.1404
2008_006094 0.7811 275.7205 78.3876 448.6873 234.4632
2008_006094 0.6890 395.2358 10.3868 500.0000 46.4515
2008_006094 0.5461 92.2492 222.3786 252.6045 326.0605
2008_006094 0.5278 280.8961 67.4843 447.2442 176.3212
2008_006163 0.9826 225.8846 290.7699 261.9818 339.3500
2008_006185 0.7720 0.7559 187.5622 138.6321 265.9104
2008_006229 0.9884 186.0458 13.8144 374.5814 299.1388
2008_006229 0.9830 193.2660 183.6428 381.4860 290.9394
2008_006229 0.6339 198.7104 10.4126 326.6192 252.7113
2008_006407 0.9913 57.9392 104.5527 421.1353 300.0014
2008_006487 0.9794 0.2053 40.4082 154.8116 279.4275
2008_006489 0.8856 184.1478 142.6742 248.3651 157.6345
2008_006489 0.8160 0.0000 142.8991 26.0681 150.1785
2008_006489 0.7612 438.0978 144.0617 489.9250 157.3650
2008_006489 0.6194 330.0400 135.1428 352.9437 142.4251
2008_006489 0.6160 95.5145 114.5865 126.6275 145.1360
2008_006489 0.5747 165.0129 136.7639 183.7451 144.4358
2008_006489 0.5488 96.2641 138.9694 142.5036 149.2389
2008_006489 0.5036 385.1427 142.7131 433.8831 158.2287
2008_006503 0.7618 456.8157 253.4773 485.2762 265.1230
2008_006747 0.7201 216.3814 155.9751 244.3031 197.3647
2008_006824 0.7016 0.0000 128.1851 375.4547 194.7617
2008_006831 0.9947 188.4579 17.7854 486.3445 250.3380
2008_006925 0.9233 0.1674 31.1024 166.5249 107.2875
2008_006949 0.9684 102.6605 10.8619 280.7923 67.5674
2008_006949 0.9635 51.1901 124.1425 212.9263 175.3070
2008_007305 0.9048 67.7711 242.8400 215.8887 306.1885
2008_007305 0.6043 170.6254 259.8003 225.1494 281.4102
2008_007441 0.9839 31.4476 113.5977 494.7213 237.4572
2008_007574 0.9388 198.7140 17.4164 287.8573 332.3261
2008_007574 0.9387 185.2342 248.2359 285.6140 312.7473
2008_007574 0.8902 74.9313 192.3559 103.6024 249.5791
2008_007599 0.9740 54.7648 72.2947 414.8258 267.4070
2008_007599 0.8589 35.6836 150.6459 427.4123 275.0202
2008_007643 0.9321 4.3150 272.0207 301.7484 484.9181
2008_007643 0.8889 25.3026 164.0662 269.3083 464.8754
2008_007643 0.8745 0.0000 100.9032 56.3229 138.0200
2008_007643 0.6589 127.3317 42.7724 366.9415 318.6220
2008_007643 0.6557 116.2798 120.1232 169.4585 151.1026
2008_007643 0.6529 32.3706 139.2251 355.8346 373.8369
2008_007643 0.5889 212.2563 149.2182 375.0000 309.9089
2008_007643 0.5824 112.5724 59.5941 229.5027 104.8753
2008_007643 0.5162 0.0000 350.7119 319.8999 486.6013
2008_007643 0.5112 50.4229 105.8575 89.6924 129.1327
2008_007841 0.9758 0.0000 90.2608 55.1439 122.7352
2008_007884 0.8200 330.9006 168.0928 424.7896 205.6190
2008_007884 0.7481 17.8262 68.3411 401.1321 213.2952
2008_007884 0.6912 23.9893 134.0244 359.2316 222.1697
2008_008093 0.7331 188.2779 24.6353 222.1370 44.8704
2008_008235 0.9728 132.8090 116.1295 383.7641 151.7538
2008_008235 0.7376 14.8717 153.2053 391.7089 350.0746
2008_008235 0.7375 286.4549 245.2934 399.7752 310.6601
2008_008536 0.8979 297.3451 86.3716 344.3543 107.7276
2009_000009 0.9057 198.2701 158.3097 223.6179 196.3979
2009_000009 0.6601 259.2675 181.5691 286.0558 188.5712
2009_000093 0.9735 9.6139 68.4492 458.6904 290.8098
2009_000093 0.8207 39.6075 194.6162 444.6135 284.8395
2009_000305 0.9450 0.0000 193.2231 500.0000 332.0000
2009_000308 0.9744 120.5224 111.6594 159.5724 158.5986
2009_000337 0.5132 252.9147 30.0667 324.7034 66.7405
2009_000378 0.7578 134.2867 28.8036 490.7512 325.8056
2009_000421 0.7978 243.1360 141.2061 355.1344 228.9830
2009_000446 0.5309 42.7611 127.9039 271.1859 281.0794
2009_000469 0.9943 43.3594 25.4133 351.6539 276.8437
2009_000469 0.9559 47.4395 177.0576 346.2554 286.0921
2009_000469 0.8769 371.0712 213.8525 398.3860 229.7637
2009_000469 0.5714 345.5978 205.3183 372.5770 228.0156
2009_000516 0.9969 159.2224 68.0061 350.1742 216.0947
2009_000516 0.9649 131.5195 71.8894 167.7908 99.4668
2009_000516 0.8316 359.6523 59.9121 391.4305 74.6224
2009_000516 0.7944 18.5450 75.1358 52.3197 94.4078
2009_000516 0.6551 447.2604 64.2299 481.2469 76.5444
2009_000516 0.6076 396.2645 68.2667 426.9616 76.4896
2009_000516 0.5456 158.5048 66.1735 204.2964 76.7739
2009_000608 0.8604 215.3454 271.0907 264.3201 287.3796
2009_000719 0.6296 480.3038 118.5073 499.8634 146.0322
2009_000723 0.9953 91.8336 0.0000 422.9451 242.0431
2009_000828 0.9942 171.6110 127.6159 432.2682 266.3780
2009_000829 0.5812 179.4294 224.3444 331.5052 288.3083
2009_000829 0.5064 202.3986 220.0028 325.5405 263.6220
2009_000830 0.7792 162.2781 270.8041 365.0481 301.6276
2009_000830 0.7478 118.9756 40.1800 351.0026 294.9074
2009_000919 0.9757 105.3689 192.7061 220.8497 217.0299
2009_000919 0.5719 142.8475 13.9375 151.1223 29.1720
2009_001289 0.8648 128.5042 29.7619 205.6480 382.5470
2009_001289 0.6241 124.1364 326.3774 202.7802 364.7532
2009_001289 0.5212 96.9199 42.6895 234.1263 426.0327
2009_001406 0.9509 11.8668 146.8488 201.4946 237.6405
2009_001406 0.5311 5.1092 205.6826 207.4261 237.5318
2009_001407 0.8742 36.7176 17.1725 333.7734 405.0876
2009_001723 0.7170 146.5205 190.4533 211.2918 208.5073
2009_001723 0.5908 143.5732 176.7548 211.2835 208.6459
2009_001794 0.9953 0.0000 138.8869 37.0427 215.3048
2009_001794 0.9738 15.2528 72.5051 169.9545 306.0535
2009_001794 0.9488 227.9846 57.0122 396.2728 98.6888
2009_001794 0.8541 362.5565 142.3411 479.6875 366.0875
2009_001794 0.7515 258.5710 42.4371 472.7288 358.5673
2009_001794 0.5954 222.8748 86.0521 372.1735 331.5379
2009_001941 0.9425 3.4885 91.0769 157.5395 305.1344
2009_001941 0.7416 57.9083 72.8909 482.7403 266.6777
2009_001941 0.5330 69.5242 73.4268 376.8010 176.8128
2009_001949 0.5307 0.0000 234.2328 219.7914 267.9059
2009_002127 0.7782 24.4544 0.0000 319.4204 476.0586
2009_002127 0.5504 0.0000 115.9518 327.1938 418.6092
2009_002136 0.9741 91.8163 194.4032 161.8771 213.9093
2009_002449 0.9570 105.4638 130.0358 302.2012 284.9606
2009_002449 0.8005 98.6290 43.9860 309.8748 292.0836
2009_002591 0.9031 311.7162 237.1917 399.8255 301.9667
2009_002727 0.9621 310.9984 196.7107 458.0699 242.2281
2009_002727 0.8584 283.2440 176.9186 454.7747 239.1038
2009_002727 0.6366 215.3214 146.4254 262.4951 160.9502
2009_002727 0.6325 0.0000 4.9976 168.4491 323.8609
2009_002727 0.6056 25.2351 175.8915 306.9807 323.3788
2009_002778 0.9674 137.2901 172.2151 292.9618 210.0947
2009_002830 0.9862 33.7671 63.4005 452.0388 235.7735
2009_003010 0.8728 132.6352 149.4996 318.0199 274.3958
2009_003010 0.8574 121.2669 0.0000 304.1693 266.4770
2009_003010 0.6290 119.9864 1.3078 265.9032 202.6597
2009_003043 0.9681 77.2253 62.2622 202.3117 322.4928
2009_003043 0.9590 52.8159 287.1221 229.0233 331.7097
2009_003043 0.7616 41.4088 52.1767 298.0260 348.3906
2009_003080 0.9258 117.6561 171.5899 323.3609 378.0042
2009_003080 0.8033 116.2249 158.5569 298.6217 308.3854
2009_003080 0.7889 132.0768 146.8340 283.3327 272.1954
2009_003080 0.5823 72.0085 102.8334 322.1113 411.6126
2009_003084 0.9531 166.5773 229.0721 303.0169 259.1285
2009_003084 0.8949 172.9315 64.8004 295.6138 266.8604
2009_003136 0.9911 0.0000 24.2434 500.0000 268.6054
2009_003136 0.9801 47.1744 299.1670 230.6891 344.0468
2009_003136 0.8876 24.8816 20.8309 367.0033 316.8814
2009_003136 0.8509 412.1674 250.6552 498.3220 323.9685
2009_003136 0.8039 2.2345 93.9345 493.7739 314.1837
2009_003136 0.7424 12.2716 17.0872 456.0615 151.0192
2009_003136 0.5149 202.0665 52.9579 485.3043 317.8510
2009_003247 0.8438 36.8943 135.9086 352.2898 210.2894
2009_003247 0.8257 14.9691 138.4565 56.8923 146.6797
2009_003247 0.7187 26.3528 179.8598 195.7266 211.8109
2009_003284 0.5228 70.2416 10.3425 451.4020 300.0097
2009_003351 0.7179 39.8673 6.4004 466.9154 231.9672
2009_003400 0.9791 139.0058 75.2190 259.2946 225.7441
2009_003400 0.8790 251.2092 103.7175 359.3545 202.6801
2009_003400 0.8389 5.3935 68.6094 150.0160 228.1980
2009_003400 0.6484 142.7591 62.8551 413.0149 223.8433
2009_003400 0.6182 0.0000 123.9342 150.7347 238.7292
2009_003400 0.5357 242.0345 71.5055 441.6138 219.7799
2009_003400 0.5337 0.0000 157.6535 19.9969 178.1088
2009_003400 0.5176 250.9014 125.9351 349.7610 179.1336
2009_003462 0.8838 14.7817 192.8832 103.0886 211.3803
2009_003462 0.7770 274.7885 175.9032 471.8978 331.1888
2009_003504 0.9535 24.5827 192.6464 376.7971 294.8322
2009_003504 0.8475 31.2178 138.0611 355.8498 286.7415
2009_003707 0.9648 0.0000 174.5708 122.4820 247.0224
2009_003936 0.9963 143.6586 130.9621 302.3780 257.5865
2009_004034 0.9900 132.4343 129.2772 193.8985 189.5483
2009_004148 0.5181 2.8477 238.3659 328.6483 419.9616
2009_004166 0.9655 26.3967 153.3849 461.5674 289.7302
2009_004166 0.9560 36.1648 16.7291 427.8364 311.1699
2009_004166 0.8087 5.1427 151.9121 59.7709 161.4392
2009_004166 0.6426 157.4443 174.9025 437.6231 284.6705
2009_004217 0.8578 1.2354 143.9238 256.4365 217.9111
2009_004217 0.5627 98.8078 150.9563 235.9278 199.3736
2009_004224 0.9176 28.7127 88.3618 61.3022 98.9002
2009_004224 0.8274 406.9380 84.2131 462.5231 104.8328
2009_004273 0.9592 5.4117 31.1016 496.6927 296.5819
2009_004273 0.8839 120.7811 215.2366 500.0000 305.2634
2009_004273 0.7290 87.3514 120.2263 486.6721 301.3669
2009_004273 0.7193 268.9933 21.0877 485.0100 296.9673
2009_004273 0.5662 0.0000 212.0546 408.0971 312.5399
2009_004273 0.5062 15.2936 23.3165 311.1856 307.4779
2009_004524 0.9874 29.1506 88.3744 500.0000 321.1543
2009_004524 0.8638 49.0837 171.2617 500.0000 331.6424
2009_004524 0.7777 240.0704 56.2187 500.0000 311.3990
2009_004635 0.9830 252.4048 218.5425 349.4464 242.3948
2009_004635 0.9748 360.1922 163.9944 433.2624 203.8955
2009_004635 0.9583 37.8968 151.7438 68.1523 196.9509
2009_004930 0.8208 382.5959 185.9205 461.3555 259.7696
2009_005025 0.7680 478.5773 133.8013 496.6060 161.8810
2009_005239 0.9682 357.8510 251.1550 459.8311 278.2072
2009_005239 0.9009 28.5829 248.8990 154.1420 281.3258
2009_005239 0.6620 105.9882 246.5108 166.5279 271.1681
2009_005239 0.6063 0.0000 172.1992 39.4913 224.0709
2009_005268 0.9805 49.1716 414.1464 83.4551 454.7376
2010_000024 0.9127 158.3821 72.9153 365.4495 233.5647
2010_000024 0.8318 0.0000 152.9124 205.1368 231.1664
2010_000024 0.7111 43.2144 55.9803 367.6116 231.8117
2010_000145 0.9966 8.6202 218.3388 364.3270 288.2160
2010_000145 0.6179 4.9372 173.1364 376.6669 281.8069
2010_000272 0.9770 17.1265 26.5544 494.6917 157.3986
2010_000382 0.8668 19.3960 164.3036 342.7444 286.6045
2010_000382 0.7850 39.4099 86.4483 318.9058 272.2112
2010_000382 0.6257 58.5593 129.8437 267.8626 284.1974
2010_000679 0.9587 82.5477 119.8966 166.5443 169.7933
2010_000729 0.8222 0.6222 217.8749 66.3681 242.8106
2010_000729 0.6983 247.0932 221.8311 283.0168 246.6235
2010_000906 0.9885 135.9354 85.1524 363.5103 257.2807
2010_001036 0.9980 160.2926 166.2770 348.4810 281.6730
2010_001109 0.7491 114.1124 260.6259 158.5921 288.2214
2010_001164 0.8569 427.3661 181.4247 481.2850 210.2845
2010_001164 0.6505 427.5146 184.2163 464.6901 208.6774
2010_001164 0.5856 425.3969 173.5927 498.3916 212.6061
2010_001501 0.9371 62.0732 200.7169 335.0000 452.7171
2010_001501 0.6751 187.4789 205.7268 335.0000 455.6022
2010_001525 0.9908 316.7805 133.0512 468.4180 223.7092
2010_001525 0.8407 66.5421 199.0816 228.1941 270.9072
2010_001691 0.9733 143.8313 175.5977 172.0455 193.7972
2010_001916 0.6331 160.2112 101.3488 237.7674 167.9831
2010_001967 0.9975 238.9267 0.0000 458.3140 322.5076
2010_001967 0.9685 42.0396 271.3987 120.9786 308.9094
2010_001967 0.9223 249.9785 278.3498 457.6510 318.4457
2010_002117 0.9456 4.7657 89.6086 347.1906 415.1366
2010_002117 0.9178 10.9936 256.8123 348.0379 425.2316
2010_002117 0.6633 192.6105 171.7940 208.5536 182.7159
2010_002117 0.5981 10.1244 324.5274 344.7213 428.3260
2010_002150 0.9223 229.3858 176.0757 440.5082 260.3597
2010_002150 0.8204 240.7314 128.6928 442.3943 258.6557
2010_002150 0.5998 225.3561 231.4615 426.5798 258.3097
2010_002279 0.8020 77.0740 9.3947 439.4188 258.8130
2010_002315 0.9800 35.1326 0.0000 451.6472 320.3948
2010_002321 0.9846 306.6670 161.1519 448.1424 210.1127
2010_002321 0.8572 91.3342 157.9138 267.8125 241.3283
2010_002321 0.8273 225.4931 113.3937 292.3109 176.5545
2010_002546 0.8374 61.8221 46.7234 174.5502 72.4918
2010_002565 0.9886 39.1006 182.8144 276.8626 286.2763
2010_002565 0.9717 34.3607 13.5715 300.4314 280.0836
2010_002565 0.8933 82.4165 0.0000 388.8281 278.0923
2010_002565 0.6529 264.7729 219.9137 408.2207 278.9027
2010_002780 0.9883 149.1430 124.2310 425.6403 285.2684
2010_002780 0.9814 112.7014 42.4762 428.6492 276.7659
2010_002985 0.8743 475.4766 278.4272 492.1000 303.3412
2010_003107 0.9600 6.0930 142.6389 372.6151 267.7859
2010_003107 0.6258 174.8078 140.8223 365.2158 248.3530
2010_003156 0.7964 342.3675 216.3427 422.9136 230.3380
2010_003260 0.9923 101.8643 316.8950 313.4989 492.5683
2010_003260 0.9591 314.8732 150.3577 372.1826 234.5060
2010_003260 0.8823 316.3313 183.7546 369.2987 231.7545
2010_003508 0.8700 123.8408 137.6305 329.1018 265.5912
2010_003508 0.5428 138.7949 92.0221 414.3298 276.1503
2010_003547 0.7942 52.3820 138.2585 120.2885 191.5042
2010_003547 0.7472 150.4795 154.0124 500.0000 260.5803
2010_003640 0.9059 19.7655 327.6073 344.7333 461.9758
2010_003640 0.7636 11.2807 31.5015 317.6266 408.1302
2010_003640 0.5547 0.0000 170.5968 353.5883 451.3860
2010_003679 0.8815 177.1707 39.0233 479.0303 228.1329
2010_003679 0.7974 5.4794 64.3299 492.0069 225.5362
2010_003679 0.7770 189.3978 146.2847 466.9019 221.4005
2010_003679 0.7494 0.0000 168.7878 247.8519 230.2420
2010_003757 0.5177 141.5412 138.5892 484.8879 317.0050
2010_003848 0.9866 251.5349 244.7848 329.5130 300.1105
2010_003878 0.7570 0.0000 230.9332 413.6171 306.1941
2010_003955 0.5000 216.6882 175.8159 373.4181 275.7570
2010_004006 0.9136 155.7828 36.1969 459.4644 222.0921
2010_004041 0.9088 358.9208 119.6013 491.7497 242.7720
2010_004041 0.8428 298.4894 121.6690 475.7786 242.6198
2010_004041 0.7913 269.0067 206.6861 385.9240 247.8416
2010_004041 0.7883 2.0467 126.9246 249.8160 211.3755
2010_004041 0.7590 243.1209 168.4484 372.4161 217.9730
2010_004041 0.7222 117.9165 141.4732 255.5587 211.6788
2010_004041 0.5305 244.3672 129.2370 437.4857 239.0088
2010_004041 0.5185 240.5124 179.6875 369.4594 235.1746
2010_004124 0.6633 106.5508 108.7758 363.9228 207.7352
2010_004139 0.5428 17.6307 31.9780 367.7668 343.0183
2010_004208 0.9637 223.7846 104.6160 324.2545 259.3496
2010_004230 0.7964 21.6134 157.9482 475.0000 276.4014
2010_004253 0.9936 10.8765 86.0895 418.4826 230.2690
2010_004486 0.9763 364.5967 218.3179 454.4946 242.1642
2010_004486 0.9410 166.8422 229.5395 198.2522 240.7869
2010_004486 0.8271 40.2045 223.2443 94.9677 235.9947
2010_004486 0.8262 249.4204 233.2437 276.7752 243.4100
2010_004567 0.9644 113.4902 241.2430 438.3235 309.3804
2010_004567 0.7039 31.2021 228.2212 481.0042 316.6023
2010_004629 0.6182 299.3080 87.9534 327.4227 96.8679
2010_004714 0.6290 232.5848 198.3174 437.3282 241.8184
2010_004772 0.8978 71.5128 73.4922 500.0000 320.4453
2010_004772 0.8382 45.9078 0.0000 354.1467 319.6942
2010_004772 0.7473 77.3468 5.6977 470.7741 266.4148
2010_004772 0.6705 229.8058 10.1928 500.0000 287.3880
2010_004772 0.5558 46.1088 137.7796 425.6816 322.9129
2010_005120 0.5657 410.2330 27.4813 433.8594 35.7463
2010_005192 0.9928 35.6100 145.0418 475.0818 296.5492
2010_005252 0.9847 371.0768 205.4588 495.9592 330.0338
2010_005252 0.6564 371.7113 242.3551 489.8730 319.4335
2010_005332 0.9685 90.4527 179.6415 372.0239 437.5388
2010_005332 0.7521 349.1974 430.8465 374.6220 445.0370
2010_005332 0.6974 8.4270 216.8357 127.3991 262.0825
2010_005414 0.5431 110.2084 42.6536 441.3120 297.7196
2010_005705 0.6752 43.0437 179.5743 324.5003 372.6178
2010_005705 0.6744 73.5520 318.4593 215.6053 374.3209
2010_005705 0.5108 74.5803 188.3503 213.4702 371.7577
2010_005780 0.9960 182.3983 164.5672 448.0114 272.9256
2010_005914 0.6933 4.2260 64.7702 162.0835 294.6406
2011_000130 0.9652 16.9254 177.0422 148.1391 200.9081
2011_000161 0.7654 253.8868 216.0683 273.0280 226.3957
2011_000234 0.9778 40.8040 36.2675 269.9759 453.4082
2011_000234 0.6960 59.1494 412.7263 289.2063 452.8361
2011_000234 0.5928 45.7793 371.1109 286.7458 452.9862
2011_000238 0.8194 76.6487 238.3747 339.8084 467.0309
2011_000435 0.9508 108.5071 0.0000 499.6652 349.4116
2011_000435 0.7145 226.4023 4.1208 470.7611 266.1311
2011_000435 0.5477 122.0269 118.7310 500.0000 372.3645
2011_000744 0.8095 201.9776 163.6185 304.3100 264.8057
2011_000744 0.7830 287.4659 149.1600 374.7747 253.3452
2011_000749 0.9797 143.0473 268.0755 333.5624 322.4709
2011_000749 0.7650 151.7670 20.6496 338.8947 310.3409
2011_001029 0.9744 11.1014 313.1167 142.9227 393.9052
2011_001161 0.5354 6.2179 70.6567 414.4160 376.0000
2011_001252 0.9303 124.1729 98.4255 194.7618 298.4000
2011_001252 0.8629 62.2955 121.6506 91.7339 175.4533
2011_001252 0.8381 126.1273 213.3353 190.7993 294.2649
2011_001252 0.6906 102.7056 28.6163 218.2767 326.8344
2011_001589 0.9878 135.3360 124.3664 349.9392 178.7432
2011_001589 0.8095 460.3611 166.5851 493.9687 174.6767
2011_001591 0.7427 379.5306 173.3684 442.6329 189.2550
2011_001592 0.9244 11.3108 18.0980 454.5918 317.2740
2011_001592 0.7066 120.3010 244.2983 464.0529 318.0359
2011_001592 0.6929 168.1260 9.3190 444.2399 310.2024
2011_001592 0.5916 23.9161 4.8123 402.8368 206.0646
2011_001613 0.9857 214.5743 107.0438 297.9733 188.5660
2011_001693 0.8878 128.4541 101.4429 186.6488 124.2540
2011_001693 0.8103 94.0373 98.6999 118.1856 110.8465
2011_001693 0.7817 130.1765 98.0491 215.9271 124.6180
2011_001693 0.5356 181.2706 101.7155 237.8629 122.1667
2011_001771 0.9148 102.0272 96.3780 388.4500 317.6829
2011_001793 0.9828 22.0136 0.0000 448.8740 331.4108
2011_001793 0.8243 29.1311 0.0000 287.4268 351.6460
2011_001793 0.8084 193.9810 304.1068 244.3344 320.1247
2011_001793 0.6367 181.1629 0.0000 422.8120 329.9079
2011_002036 0.7671 140.5115 160.1351 307.0735 213.7301
2011_002322 0.5377 54.7553 0.0000 334.8215 127.6002
2011_002459 0.8229 61.0427 204.8469 168.3784 236.3043
2011_002459 0.5931 19.0238 122.7168 363.8235 296.9863
2011_002558 0.9884 298.7435 210.1720 357.9052 294.3287
2011_002558 0.7586 223.5584 267.4819 233.1705 281.8831
2011_002578 0.6599 440.8176 68.5332 500.0000 129.5529
2011_002588 0.7214 121.6904 121.6024 500.0000 375.0000
2011_002678 0.5462 33.0019 145.6813 89.5676 159.4483
2011_002740 0.9887 275.5994 206.7820 442.3467 235.8661
2011_002740 0.9681 309.3360 140.0283 378.4851 160.8980
2011_002740 0.9681 347.4525 214.9355 471.1226 251.6140
2011_002740 0.9434 36.9414 92.9781 57.1075 113.4735
2011_002740 0.9356 68.2383 101.4916 95.0910 114.6041
2011_002740 0.8955 426.4099 84.8719 466.6329 96.3600
2011_002740 0.8773 209.3693 107.2011 244.8774 118.2406
2011_002740 0.7563 186.8756 91.9397 217.0124 111.3969
2011_002740 0.7358 404.6782 89.0677 431.2744 95.7505
2011_002740 0.6950 319.2998 225.5945 499.8904 298.7885
2011_002740 0.6685 0.0000 230.1368 457.8647 305.5883
2011_002740 0.6604 348.2137 87.3766 371.8697 97.8686
2011_002740 0.5499 68.8006 232.7016 353.0598 308.4698
2011_002740 0.5158 9.1099 223.6385 219.5188 298.6415
2011_002754 0.9498 281.4976 14.2269 376.5606 165.9247
2011_002854 0.7919 458.8706 286.9638 496.7100 314.1480
2011_002854 0.7429 81.3733 304.0625 108.4791 317.5526
2011_002854 0.7004 104.2516 301.1291 155.7113 319.5436
2011_002943 0.9365 95.9535 125.6210 380.2026 214.4094
2011_002943 0.6514 106.4844 110.4977 395.3655 192.0473
2011_002975 0.9256 0.0000 252.9594 42.7366 308.5972
2011_002975 0.8901 258.8208 257.6971 314.0487 276.2303
2011_002975 0.8533 308.7156 257.8712 360.2970 274.5694
2011_002975 0.8289 270.1463 290.5919 324.8871 308.7619
2011_002975 0.8235 410.2176 283.9828 464.1651 305.6969
2011_002975 0.8047 364.2235 278.4132 421.4012 301.8890
2011_002975 0.6323 123.1859 284.6201 259.0823 346.5186
2011_002975 0.6236 113.7534 237.9207 281.9146 344.4774
2011_002975 0.6010 31.4655 124.0364 353.0463 241.4977
2011_003115 0.9101 172.8180 226.6562 390.4908 258.1830
2011_003115 0.6826 107.6671 227.4575 251.6768 257.6354
2011_003115 0.5477 188.9726 239.6973 251.8377 257.5094
2011_003232 0.9878 15.1429 33.5456 337.3506 374.8261
2011_003232 0.8792 11.5539 186.7031 338.5999 375.0000
2011_003232 0.8123 93.4293 134.2130 362.2336 375.0000
