2008_000034 0.9818 4.6071 238.0522 46.7576 362.9661
2008_000051 0.6897 121.0515 69.9723 136.7433 104.0826
2008_000051 0.6276 162.4019 95.8330 176.7605 135.3325
2008_000145 0.9003 198.6383 250.4889 245.6203 339.3369
2008_000272 0.8687 49.8650 202.1588 67.4013 271.4276
2008_000398 0.9478 1.7074 252.5853 25.6985 385.0000
2008_000465 0.5850 425.1395 174.1447 441.4702 241.5107
2008_000677 0.6202 240.1220 139.9172 260.6125 197.4743
2008_000795 0.9292 217.1737 290.8755 247.7796 331.6462
2008_000885 0.9690 95.6923 184.4368 122.3727 269.9485
2008_000917 0.6700 190.3513 78.9414 330.9180 301.1853
2008_000917 0.6342 201.0541 76.9195 326.4123 199.2488
2008_000917 0.5131 177.9447 135.0300 434.7336 393.2403
2008_001063 0.7096 85.6481 49.5829 107.9422 107.9445
2008_001077 0.9672 357.2637 32.9644 393.2225 136.2168
2008_001155 0.6382 197.2630 148.5576 208.4220 182.4849
2008_001304 0.9007 232.6428 249.5500 247.5083 302.8860
2008_001304 0.7897 123.3431 251.6669 140.6879 305.2810
2008_001304 0.7538 311.0029 57.2683 327.3646 100.0876
2008_001304 0.7082 213.1594 250.9451 229.9745 304.2230
2008_001304 0.6347 182.7895 249.6488 200.0771 304.8051
2008_001304 0.6177 82.6944 253.6932 100.4651 305.9371
2008_001304 0.5819 103.3561 253.8020 120.2134 304.4847
2008_001304 0.5757 131.9556 250.6337 148.2366 305.4712
2008_001304 0.5630 205.2805 251.6893 220.6762 303.9936
2008_001304 0.5382 224.7136 251.2911 238.3848 304.3940
2008_001304 0.5352 174.8904 250.8754 190.7887 303.7660
2008_001304 0.5059 193.7736 250.5078 209.1943 304.2395
2008_001304 0.5007 22.3470 258.2000 39.5778 310.3782
2008_001333 0.8849 306.3549 265.0070 342.6029 342.3025
2008_001333 0.8669 235.1192 128.7305 250.8916 175.1987
2008_001333 0.7203 256.3167 122.6295 274.1220 169.5948
2008_001486 0.9858 320.4418 108.7786 366.4656 202.7062
2008_001527 0.5457 247.7973 248.8961 339.5461 302.9189
2008_001534 0.8726 269.7099 191.9626 309.4158 230.3080
2008_001539 0.6872 137.0966 173.4819 193.6990 293.8260
2008_001594 0.6118 9.0046 108.1044 19.5407 140.0859
2008_001772 0.7855 459.4338 67.8402 496.9465 176.0938
2008_001808 0.6450 471.5042 142.4349 500.0000 274.9007
2008_001910 0.9642 279.5193 207.8848 316.0337 314.3586
2008_002071 0.9407 131.1625 129.4709 152.2952 169.0695
2008_002071 0.8638 167.3669 121.9004 185.2441 157.8052
2008_002153 0.9026 209.8875 145.1501 241.9411 237.0732
2008_002153 0.6296 242.0691 145.6858 265.8174 222.6181
2008_002259 0.9044 464.1290 268.1630 488.7192 330.0204
2008_002267 0.9434 198.3062 1.9879 244.3425 44.5369
2008_002330 0.9757 127.6061 71.1309 155.9052 165.9802
2008_002330 0.9608 306.7075 74.5208 368.0153 212.4047
2008_002330 0.9373 255.0543 98.7335 282.2430 176.4090
2008_002467 0.9861 63.9359 44.8074 175.5734 314.7166
2008_002467 0.9827 353.6507 82.3014 449.1567 315.4084
2008_002467 0.9493 219.5147 83.4417 306.1169 296.7911
2008_002670 0.8651 426.2047 331.8098 449.7225 374.1200
2008_002768 0.7574 227.9019 1.8365 300.2264 78.8237
2008_002775 0.9840 90.1039 162.8505 181.0223 373.4739
2008_002864 0.9682 269.4409 150.7670 307.1341 256.0827
2008_002864 0.8814 210.8497 156.5481 226.6551 218.6151
2008_002864 0.8063 161.8253 171.4846 188.9471 244.4169
2008_002870 0.9953 111.5891 0.0000 214.8538 182.5586
2008_003056 0.5465 208.8573 71.1963 219.8669 93.2062
2008_003076 0.9861 315.6192 167.3072 345.7634 235.6949
2008_003076 0.8980 370.8141 6.4303 385.9219 49.2764
2008_003076 0.7217 388.0992 11.1025 411.9443 50.7233
2008_003186 0.5903 111.2183 140.5623 155.3271 292.0454
2008_003280 0.9535 327.3459 273.3889 350.5859 336.1425
2008_003289 0.9724 83.2506 212.6721 102.3541 291.7412
2008_003289 0.7754 164.4432 1.4710 188.1641 42.2497
2008_003289 0.6165 239.5563 211.5827 269.7038 280.5137
2008_003289 0.5072 224.0521 11.8823 242.4452 44.3566
2008_003467 0.9977 26.8613 19.8606 166.5052 323.7066
2008_003591 0.9920 342.8271 0.0000 468.0877 291.7338
2008_003658 0.6940 331.9238 250.3748 372.7596 362.9986
2008_003722 0.9921 239.0126 149.6722 294.6888 278.3400
2008_003722 0.9799 86.9975 200.1828 144.9902 327.7142
2008_003969 0.9445 33.9605 80.1838 156.0164 367.8384
2008_004016 0.9687 162.9695 269.9108 239.4374 397.0376
2008_004090 0.9380 189.4313 202.1377 266.0456 366.7796
2008_004101 0.5926 325.0139 218.3003 375.5420 351.4043
2008_004126 0.8056 344.2073 242.6454 419.1084 365.5310
2008_004178 0.9612 411.4149 96.9453 482.0725 310.8757
2008_004178 0.9020 295.8998 7.0978 481.4142 289.0093
2008_004178 0.8908 227.0872 117.4995 257.7012 182.6988
2008_004178 0.7814 405.2533 20.2095 486.5808 178.5172
2008_004178 0.7654 134.2316 25.6838 214.1505 273.7586
2008_004243 0.9334 61.9762 242.1797 111.6732 368.9415
2008_004308 0.6463 1.3642 122.4429 25.7087 247.2657
2008_004431 0.6884 214.9185 176.3343 231.1882 225.5293
2008_004459 0.6654 236.0883 30.9805 246.0707 57.8877
2008_004460 0.5993 249.6527 128.9505 261.2945 157.6194
2008_004487 0.5865 229.9212 146.8119 242.8488 183.1386
2008_004501 0.9739 280.6808 78.8696 310.2567 174.6626
2008_004534 0.7069 277.0446 449.9441 296.7405 486.7968
2008_004564 0.9889 437.6581 145.7652 465.1666 248.5213
2008_004564 0.9629 319.5242 181.5908 339.2632 244.5382
2008_004659 0.9585 139.6751 18.7533 322.1257 494.1559
2008_004795 0.7561 235.6340 126.6217 256.8025 170.2123
2008_004795 0.5868 102.5069 86.4936 128.6050 166.0357
2008_004814 0.9829 15.1043 32.1250 59.9871 130.5928
2008_004851 0.9539 368.4575 211.4604 403.1354 297.4652
2008_004898 0.9449 18.6910 93.3090 51.8697 168.0203
2008_004926 0.8017 316.3195 185.6170 353.3512 307.4755
2008_004926 0.7913 173.7541 230.7878 286.9121 375.0000
2008_004948 0.9610 11.9614 304.8193 45.0790 375.0000
2008_004948 0.9468 267.0055 222.9613 285.1649 293.0010
2008_004948 0.8990 147.5103 212.9614 176.6406 318.4800
2008_004948 0.6310 101.3855 341.3080 124.4319 375.0000
2008_004948 0.5652 433.6919 93.5926 450.0298 126.6210
2008_004979 0.9779 176.3291 50.2426 221.6559 227.7771
2008_004979 0.9534 417.5343 171.3003 474.3901 280.2117
2008_004982 0.9926 241.2646 10.5941 333.8273 316.6579
2008_005023 0.9720 244.8345 184.8721 279.7792 292.9390
2008_005023 0.9017 219.0053 220.0341 247.1090 289.5361
2008_005023 0.5058 0.0000 460.6519 25.8082 500.0000
2008_005140 0.9943 204.3772 56.9190 305.7650 439.0487
2008_005182 0.6406 108.6513 1.7734 204.2053 284.6619
2008_005204 0.9874 12.4777 2.9892 113.1305 272.5254
2008_005204 0.9871 437.6082 18.1736 492.7661 233.4193
2008_005204 0.9789 104.2963 5.9493 185.2948 275.4102
2008_005204 0.9773 188.3097 11.7525 267.5125 266.7482
2008_005204 0.9656 382.7402 22.5089 446.9526 245.1299
2008_005204 0.9559 325.5586 18.5602 386.8830 253.5669
2008_005204 0.8881 263.9072 11.5902 333.9401 264.6233
2008_005257 0.7717 388.0205 135.9626 406.8781 200.2517
2008_005257 0.6504 383.4081 138.8387 402.7702 201.1189
2008_005257 0.5284 395.3900 147.1561 421.3131 209.2159
2008_005347 0.8155 376.0439 201.1294 400.7675 259.6497
2008_005348 0.9438 252.2323 32.6929 273.3669 85.7290
2008_005399 0.9287 237.7857 180.5087 264.4655 248.3611
2008_005399 0.8770 207.4257 181.4961 224.1711 260.2611
2008_005399 0.8211 225.5211 195.1207 241.2687 248.2383
2008_005399 0.5264 133.3277 194.1542 160.1135 287.6797
2008_005608 0.9713 50.1729 83.7314 74.6630 153.1465
2008_005646 0.9616 258.6073 308.4652 302.4658 375.0000
2008_005677 0.7431 218.1225 103.6279 235.6902 150.9669
2008_005677 0.5046 204.9421 96.4226 221.4871 148.2520
2008_005801 0.7734 122.7105 72.3368 164.7967 140.0198
2008_005812 0.9703 63.0260 106.0635 120.2974 291.2358
2008_005812 0.8546 50.2084 103.0759 140.9869 303.4610
2008_005857 0.6055 389.9585 7.6031 465.2256 98.6319
2008_005869 0.8958 262.3534 345.8772 293.7492 374.9313
2008_005869 0.8040 47.1601 245.9427 74.8260 327.9390
2008_005939 0.9629 1.8705 311.9794 52.7548 433.3215
2008_005939 0.5218 5.1989 265.2850 64.9999 420.0464
2008_006024 0.8193 262.1117 206.1025 341.7769 375.0000
2008_006027 0.9862 143.7229 269.1643 216.2638 375.0000
2008_006072 0.8634 77.1479 15.7868 345.4224 500.0000
2008_006104 0.9937 87.4778 5.6738 270.6702 500.0000
2008_006104 0.5610 99.0094 42.2465 248.2019 316.9644
2008_006117 0.5094 77.3832 304.3907 108.4129 356.6235
2008_006120 0.8258 151.0401 242.1593 172.7752 295.9677
2008_006120 0.8148 155.9801 201.3563 178.6344 247.1276
2008_006120 0.5223 181.6593 228.2725 202.3050 266.5786
2008_006144 0.9884 3.1334 0.0000 100.7777 339.1453
2008_006144 0.9863 370.4824 162.6768 437.4857 370.2752
2008_006144 0.9698 93.1307 70.9391 147.8176 220.7003
2008_006144 0.9573 153.9162 0.0000 307.7029 353.6935
2008_006144 0.9033 2.5555 240.9275 45.4002 372.2518
2008_006144 0.5547 472.0987 77.7637 500.0000 296.5793
2008_006282 0.9883 229.2549 56.7266 291.4777 263.4491
2008_006282 0.9877 166.3044 65.2641 235.4782 277.5312
2008_006282 0.9867 7.9753 121.3515 101.7664 359.7456
2008_006282 0.9822 404.4541 50.7011 465.7704 257.7177
2008_006282 0.9788 356.7999 41.3839 409.6492 239.6877
2008_006282 0.9728 290.9408 46.8531 345.5430 243.8859
2008_006282 0.8866 104.9604 78.9377 178.1189 311.9762
2008_006282 0.6433 67.6793 92.9891 148.7277 334.5597
2008_006282 0.6058 43.4710 105.2673 134.0235 353.0957
2008_006605 0.9764 95.3704 268.2037 136.5068 356.0283
2008_006662 0.8986 214.4400 162.1690 232.7065 219.0145
2008_006701 0.9820 46.3086 212.9482 150.7252 498.5881
2008_006701 0.9200 150.5500 184.3978 224.8331 485.3239
2008_006701 0.8151 165.8349 166.4804 314.8527 497.2994
2008_006731 0.9828 85.0588 383.6348 139.4260 493.9051
2008_006792 0.9653 120.9361 0.0000 280.2563 496.3375
2008_006815 0.9924 47.4953 29.6667 173.1580 455.4067
2008_006815 0.9919 175.8889 73.3444 297.6464 464.7118
2008_006941 0.9946 156.0876 78.0929 259.6560 252.5600
2008_006979 0.5124 306.3733 214.2876 317.1631 239.4226
2008_007134 0.9771 253.9075 326.4827 312.3246 479.1287
2008_007134 0.9672 191.9765 168.6467 250.9430 317.4984
2008_007134 0.9657 78.7319 18.2312 132.3542 192.9768
2008_007134 0.9607 136.0381 18.1417 196.4845 177.0642
2008_007134 0.9437 81.9362 322.3914 135.0243 439.4676
2008_007134 0.9324 256.9751 165.2558 314.3530 315.2425
2008_007134 0.9290 73.2944 171.7422 134.7639 317.5738
2008_007134 0.9193 134.8085 166.8070 190.2384 320.4426
2008_007134 0.9161 256.3651 2.9505 317.1471 213.9225
2008_007134 0.8802 197.9402 9.8233 254.6430 208.6827
2008_007134 0.8546 140.0356 321.0306 194.3602 443.3981
2008_007134 0.8000 85.4966 447.0827 123.8366 499.9052
2008_007134 0.7921 142.4337 461.2658 178.3454 497.8352
2008_007134 0.6767 49.5644 0.0000 334.0791 500.0000
2008_007134 0.5706 21.8492 22.0299 375.0000 328.7182
2008_007219 0.8913 85.8885 79.8742 174.1920 222.0604
2008_007219 0.5924 56.9983 1.3870 103.0263 43.2587
2008_007585 0.9434 5.2550 227.8143 35.2432 327.4733
2008_007585 0.8288 70.8146 153.1421 98.2316 233.4047
2008_007585 0.7857 1.5911 250.9227 33.7791 371.6693
2008_007585 0.6343 16.4247 221.7225 33.7717 328.8657
2008_007591 0.9399 286.8130 4.1153 317.6208 76.5928
2008_007591 0.9019 346.6613 5.4315 373.3390 73.2035
2008_007591 0.8395 412.5111 2.8171 443.3395 71.9337
2008_007591 0.7901 377.6738 4.7994 409.6526 72.0410
2008_007591 0.6372 267.0968 9.5594 287.9514 70.9141
2008_007591 0.6160 320.0244 2.4534 342.5536 56.0314
2008_007591 0.5923 252.8704 10.5149 274.2005 67.6185
2008_007610 0.6002 440.5104 201.3670 465.3483 257.3181
2008_007704 0.9920 276.3573 27.0138 322.5441 168.6475
2008_007741 0.7836 85.0291 184.0933 97.7949 231.0326
2008_007811 0.9670 105.3161 6.6117 316.1810 500.0000
2008_007827 0.7699 260.5887 218.5125 310.8158 310.0432
2008_007915 0.7729 202.8139 152.7410 230.1750 216.9164
2008_007923 0.9898 181.2193 321.4512 246.8876 484.4182
2008_007923 0.9864 105.7798 360.5813 186.6373 500.0000
2008_007954 0.9495 396.3259 90.0522 453.0604 225.8884
2008_007954 0.9338 101.4175 0.0000 223.4012 346.5997
2008_007954 0.9149 357.2610 129.6873 388.8992 184.9436
2008_007954 0.5522 216.2487 186.2803 324.0528 345.3755
2008_007986 0.9744 94.4778 270.2148 145.5749 357.8047
2008_008130 0.5039 358.0996 70.6764 394.3942 97.9288
2008_008217 0.6905 107.8045 104.4315 131.9406 140.3132
2008_008272 0.6052 250.7742 330.9675 277.5514 374.5097
2008_008362 0.8403 481.8033 201.7780 496.6731 232.6682
2008_008690 0.6416 137.5299 184.3728 155.1315 218.2158
2008_008700 0.9756 114.5944 4.7623 249.5190 500.0000
2008_008700 0.8415 114.3553 264.7299 246.8140 498.8692
2008_008700 0.7288 115.6086 9.7685 239.4333 306.3990
2009_000121 0.9918 213.8885 0.0000 335.2127 199.5568
2009_000121 0.9831 119.5531 52.6274 288.2838 473.7551
2009_000121 0.9725 79.9925 0.0000 182.7680 218.3072
2009_000121 0.9379 81.1873 4.1315 335.2372 465.7058
2009_000121 0.9227 78.7816 0.0000 239.8375 256.9789
2009_000121 0.7480 325.0476 16.2991 375.0000 179.1753
2009_000121 0.6039 91.7677 5.6630 329.6950 281.2823
2009_000171 0.9710 292.2242 321.4228 314.4143 400.0092
2009_000201 0.9732 156.1284 96.4310 243.4665 418.0150
2009_000247 0.9777 54.3018 121.2661 97.6083 204.3691
2009_000247 0.9695 177.5014 131.4483 214.1997 247.5580
2009_000257 0.9847 441.9731 48.5894 499.8035 178.9333
2009_000257 0.7030 214.3203 124.3102 231.8884 161.5836
2009_000286 0.5296 318.7787 170.1401 372.8730 373.4080
2009_000328 0.9590 202.0670 274.0244 217.4654 316.4397
2009_000573 0.7553 221.5876 179.3453 275.7523 230.8693
2009_000742 0.9954 121.3037 98.5054 190.4349 342.5114
2009_000783 0.9899 2.7683 45.4195 124.0480 243.8230
2009_000783 0.9044 415.1639 0.0000 500.0000 157.5377
2009_000783 0.5422 71.3335 0.0000 135.4510 71.0294
2009_000840 0.9853 144.0663 121.2979 227.3864 393.5912
2009_000992 0.9491 147.0592 5.5530 328.8033 238.8703
2009_001011 0.7835 6.0383 75.9199 50.7259 274.2535
2009_001011 0.7187 187.0761 102.6786 225.0177 233.3337
2009_001024 0.9650 448.9083 314.3758 492.3889 374.1724
2009_001106 0.8234 433.2148 234.7404 447.6585 278.1181
2009_001120 0.6535 302.1000 310.5226 395.8820 369.9850
2009_001181 0.5363 243.8289 293.0151 258.0666 331.8919
2009_001207 0.8677 132.4636 72.0354 195.2733 327.5564
2009_001278 0.9897 207.1364 145.4725 244.0265 297.3041
2009_001309 0.7974 8.2931 336.6123 150.4665 498.5144
2009_001320 0.8150 341.4543 328.6255 472.7676 372.3034
2009_001398 0.9586 154.4716 300.0968 180.1750 357.0959
2009_001398 0.9570 8.6680 302.5838 36.3992 388.2169
2009_001414 0.9866 391.4084 85.7925 444.7587 268.1791
2009_001414 0.9805 101.2997 81.7487 136.9349 209.5689
2009_001414 0.7886 128.3695 78.7095 152.4676 182.7595
2009_001593 0.9327 101.2272 6.1703 240.9315 453.3248
2009_001593 0.7873 108.4350 14.6704 248.8846 307.1990
2009_001684 0.7957 68.6390 207.0217 138.3863 321.4955
2009_001743 0.8882 137.1393 221.0849 248.4674 282.2189
2009_001799 0.8970 9.4633 226.3851 123.2326 373.8257
2009_001799 0.8001 271.1294 239.2057 345.2519 375.0000
2009_001799 0.6609 134.5051 222.9925 193.5047 366.6664
2009_001799 0.6229 385.0959 236.2795 448.9329 373.9353
2009_001799 0.5381 0.2914 216.0644 27.7695 301.1659
2009_001818 0.9852 145.5780 0.0000 260.3108 449.4539
2009_001818 0.6811 146.1471 235.2767 262.0914 444.7725
2009_001818 0.6732 140.3392 46.7091 264.5085 306.3850
2009_001848 0.9520 128.0974 8.9303 247.2164 279.9578
2009_001848 0.8778 134.3150 15.6260 253.1421 489.5984
2009_001907 0.9864 169.5045 14.4153 292.5973 308.7192
2009_002137 0.9606 179.5989 162.2191 237.7490 280.2863
2009_002139 0.6061 181.4919 309.8704 218.2509 374.1217
2009_002185 0.9880 223.8026 71.3980 268.2462 171.7927
2009_002328 0.9296 130.7533 11.6597 193.8605 161.8135
2009_002328 0.6973 460.8943 59.9311 484.9310 112.8728
2009_002346 0.5152 462.4754 78.3909 498.1383 117.0718
2009_002372 0.9821 69.6760 70.4409 110.4347 140.5726
2009_002372 0.8655 157.3004 152.0974 178.2448 230.2718
2009_002433 0.6965 238.6468 199.4330 248.3940 234.5825
2009_002464 0.5808 182.4793 131.0213 449.1772 364.2609
2009_002475 0.9693 50.6853 11.6333 161.6601 331.2372
2009_002475 0.9078 37.5088 18.1455 159.0663 483.9821
2009_002475 0.6252 58.2000 7.5248 150.0697 188.2918
2009_002521 0.9573 91.2480 122.1472 184.2614 438.6480
2009_002521 0.7232 93.0649 59.2235 185.7227 355.0553
2009_002573 0.8868 72.2434 74.5534 87.2345 113.1085
2009_002594 0.5806 185.0052 119.3475 264.4746 318.2269
2009_002649 0.9895 107.0407 0.0000 257.0867 483.5513
2009_002649 0.8708 115.8776 4.9673 235.6362 324.2931
2009_002649 0.7222 104.7472 191.5132 247.8438 487.5408
2009_002649 0.6176 7.0362 206.0031 109.9993 402.9894
2009_002649 0.5609 85.5809 11.5019 333.6296 472.3056
2009_002649 0.5540 1.0556 154.6801 50.0286 299.0570
2009_002675 0.9234 343.6084 0.0000 487.2591 360.0438
2009_002749 0.9690 11.7887 55.1541 94.2655 439.1571
2009_002749 0.5377 11.4352 212.0298 95.1670 424.8382
2009_002790 0.8847 309.9355 116.9534 323.2899 161.7791
2009_002790 0.7964 324.4000 117.1227 336.6115 162.3913
2009_002790 0.5247 327.6367 118.3534 340.1831 163.0940
2009_002856 0.9940 109.1509 102.5322 214.5048 425.7036
2009_002940 0.9571 177.3706 96.3449 245.7132 306.9830
2009_002940 0.9519 236.0741 84.1196 301.2429 297.1030
2009_002940 0.9432 101.3951 93.2367 182.4878 330.5390
2009_002940 0.8862 5.2418 7.8713 88.5027 218.7319
2009_002940 0.8821 1.6332 76.6510 85.5886 368.4072
2009_002940 0.8813 294.7191 69.5911 396.6126 273.3339
2009_002940 0.8790 320.6601 286.4048 376.7196 372.5732
2009_002940 0.8659 272.0472 300.4653 327.2746 374.3794
2009_002940 0.7534 291.4576 72.2653 343.9896 268.1785
2009_002940 0.6245 361.0310 269.0848 416.7058 374.5891
2009_002940 0.6205 50.4656 78.0395 425.6275 363.2142
2009_002940 0.5726 224.4375 308.6155 280.6601 375.0000
2009_002940 0.5064 402.5368 107.0959 433.5246 173.4183
2009_003003 0.9674 196.8715 39.7242 335.9073 484.6991
2009_003114 0.9978 3.2707 0.0000 167.6059 500.0000
2009_003114 0.9489 5.9191 182.5324 179.7453 500.0000
2009_003114 0.5886 2.5135 0.0000 135.1275 330.3691
2009_003144 0.9658 255.1047 260.1479 284.4179 359.3037
2009_003144 0.9290 163.8560 273.7296 194.5842 368.6803
2009_003144 0.9206 285.2586 264.4886 311.5337 337.9251
2009_003150 0.6268 280.0699 187.3134 294.1986 233.3125
2009_003154 0.6722 226.5802 187.6289 240.2795 230.0287
2009_003191 0.9699 139.8979 212.9324 239.8759 487.5675
2009_003191 0.9299 1.2308 239.9874 33.5508 479.5381
2009_003214 0.5340 265.7491 248.7622 279.1823 283.4914
2009_003251 0.6968 305.5125 182.2685 329.8782 223.7421
2009_003269 0.9667 107.9241 165.3417 212.2444 302.3311
2009_003288 0.5211 116.4839 439.3181 139.7537 493.5766
2009_003347 0.8909 196.3272 73.0244 291.2915 349.1274
2009_003517 0.9221 113.3463 23.0530 243.9198 434.8308
2009_003517 0.6710 121.8474 25.3130 238.7264 295.8385
2009_003517 0.5757 116.2878 189.7080 248.5257 491.3461
2009_003588 0.9922 4.8445 0.0000 191.3126 500.0000
2009_003588 0.9886 211.7090 133.0735 384.3557 500.0000
2009_003664 0.8312 310.8340 209.5852 358.9584 335.7220
2009_003795 0.9256 382.6880 246.1541 407.8362 341.8435
2009_003795 0.5675 153.0810 220.6495 171.9937 309.3373
2009_003802 0.9616 2.2112 208.5061 43.0453 321.1454
2009_003899 0.9038 79.8734 80.0711 206.4265 366.9776
2009_003965 0.8267 356.0994 86.3873 377.5123 160.9723
2009_004085 0.9943 116.3737 238.3840 157.7742 373.2191
2009_004085 0.6454 117.7177 312.3546 156.6155 372.6726
2009_004309 0.8526 415.6982 170.8221 449.6988 238.5621
2009_004332 0.7260 190.4352 191.3246 345.4888 496.2011
2009_004377 0.7296 424.3281 17.5726 437.4385 45.5256
2009_004542 0.6651 106.8876 68.0700 215.0934 390.3575
2009_004568 0.8574 256.5838 3.0790 323.8178 236.6843
2009_004579 0.8744 26.1872 3.4652 156.9305 486.3395
2009_004579 0.7946 187.7502 0.0000 307.0954 475.0284
2009_004749 0.9751 360.4734 0.0000 485.5912 356.7479
2009_005185 0.5157 377.3571 135.2609 443.2217 301.2531
2009_005190 0.9795 117.3642 113.9266 192.2327 390.0233
2009_005205 0.6091 1.1568 90.4238 19.8984 131.2800
2009_005288 0.7524 127.8845 223.1174 147.1945 298.1317
2009_005302 0.9434 332.5710 92.1013 391.0745 287.9431
2009_005302 0.9427 274.6062 111.7558 326.7510 282.9438
2009_005302 0.9324 393.6721 109.3004 445.0346 196.5452
2009_005302 0.8967 107.6792 102.5835 159.0700 266.2623
2009_005302 0.8102 451.0927 109.2169 498.1143 200.9776
2009_005302 0.7591 37.5963 94.3392 91.9855 245.7141
2009_005302 0.6453 391.2101 116.3505 445.3367 266.6376
2009_005302 0.6371 24.8384 76.7303 491.9435 315.2768
2009_005302 0.6295 163.5095 103.9487 210.4459 209.6976
2009_005302 0.5978 213.8469 108.4167 261.9645 198.3647
2010_000050 0.7933 140.3760 36.3709 264.5072 267.5839
2010_000256 0.9409 245.8545 133.1501 269.3314 199.0452
2010_000325 0.8798 312.4225 90.4060 333.2150 153.5024
2010_000325 0.7180 1.0099 168.3606 91.3359 455.0851
2010_000352 0.9578 83.3400 243.5689 121.9012 358.4550
2010_000375 0.8528 472.1545 154.4846 486.4527 179.8836
2010_000384 0.8811 218.8646 146.6675 290.3711 244.5664
2010_000602 0.7601 3.5681 192.5329 53.5799 267.2986
2010_000669 0.5116 346.8905 190.8808 367.5246 256.0289
2010_000697 0.9729 50.2466 241.1422 76.4853 332.4366
2010_000805 0.9955 66.7959 97.1778 243.8873 375.0000
2010_000897 0.9852 261.6112 140.1292 349.5558 307.4261
2010_000944 0.9606 387.1232 193.5311 407.2271 265.4529
2010_000944 0.9545 106.0050 201.5154 128.5359 270.9714
2010_001219 0.5390 118.6188 81.4540 228.6570 358.6251
2010_001367 0.9231 295.8742 267.4697 389.7254 352.9168
2010_001535 0.9724 53.0229 276.0572 116.5637 375.0000
2010_001680 0.9655 229.0807 143.4010 278.3449 248.9108
2010_001682 0.8788 110.7764 183.9873 150.7543 249.8665
2010_001823 0.6379 308.1518 321.9301 319.7397 356.9735
2010_001830 0.9840 3.0414 30.5890 142.7228 459.6408
2010_001830 0.7014 143.1698 86.2066 369.4787 447.8404
2010_001857 0.8751 57.5403 215.3459 107.2599 399.6073
2010_002017 0.9482 288.4442 107.2452 340.4811 261.2742
2010_002100 0.7332 126.3453 374.9416 193.6821 446.3624
2010_002269 0.9867 17.0955 244.9846 90.0828 370.6124
2010_002269 0.9750 164.8945 273.8521 206.6813 374.1508
2010_002373 0.8497 84.4171 281.5372 125.0274 369.8911
2010_002388 0.7988 130.0519 211.6855 233.0068 500.0000
2010_002586 0.7881 432.6984 58.8902 451.2452 133.0141
2010_002668 0.8777 33.1139 131.6122 346.3115 216.4991
2010_002858 0.9854 237.5505 28.3830 289.1079 125.0290
2010_002879 0.8981 27.4811 434.4698 69.5321 500.0000
2010_003014 0.7565 12.9356 299.4029 43.5099 386.5964
2010_003014 0.6234 97.5056 297.6313 131.5655 377.8594
2010_003091 0.9405 176.5925 205.1484 214.5900 333.0736
2010_003092 0.9781 397.5577 10.0165 451.5355 169.3078
2010_003092 0.9047 256.0007 151.4340 387.1656 339.2228
2010_003199 0.6686 221.7282 198.3595 450.6263 315.4872
2010_003368 0.9866 357.2789 103.6425 386.6711 201.3122
2010_003468 0.9563 179.6293 109.1015 288.7470 477.6088
2010_003497 0.7103 103.3634 0.0000 159.9857 115.6761
2010_003731 0.6508 235.7883 207.7216 260.2014 272.6523
2010_003762 0.9895 100.4525 16.9709 160.7231 196.7830
2010_003762 0.9711 166.6704 34.5684 222.6385 196.2401
2010_003779 0.5669 85.2088 1.9944 214.3876 500.0000
2010_003781 0.9915 8.2012 29.1446 62.6484 152.1615
2010_003781 0.9306 125.9662 15.9813 175.7333 105.9482
2010_003943 0.7928 395.5571 284.5356 414.6770 332.6637
2010_003943 0.7813 103.1595 290.7100 123.8090 341.6260
2010_003943 0.6928 81.8281 313.9566 104.8020 350.6698
2010_003943 0.6755 444.4633 104.6586 470.9355 152.3659
2010_003943 0.6121 466.9925 103.1528 496.5893 153.9890
2010_003988 0.7887 386.8293 111.3210 456.6516 231.1803
2010_004054 0.9378 157.3232 157.9675 318.1679 307.1391
2010_004054 0.7577 125.3499 119.2083 285.6540 306.5226
2010_004280 0.6900 1.5140 38.2352 69.1353 278.4270
2010_004290 0.8789 238.5037 0.0000 313.2097 139.9618
2010_004290 0.8347 157.4227 0.0000 231.2017 117.6613
2010_004447 0.9646 38.5723 346.1868 72.9553 459.4905
2010_004460 0.9652 66.9189 255.0372 116.4471 365.6682
2010_004529 0.7867 56.8520 76.5108 464.4882 259.8594
2010_004529 0.6346 255.3725 128.1830 431.1402 258.4323
2010_004545 0.8586 234.3317 35.6628 253.4405 79.5889
2010_004551 0.9277 84.5225 61.0829 249.7277 497.2571
2010_004786 0.9347 207.0171 151.7459 239.5330 242.3965
2010_004828 0.9945 143.0298 0.4187 206.9341 224.8681
2010_004828 0.8841 324.2079 8.6110 386.8277 215.9647
2010_004866 0.9843 169.4923 100.2033 229.5287 293.5479
2010_004894 0.5249 20.1913 211.4831 41.8340 254.5345
2010_004909 0.9776 247.3766 131.3544 276.4975 222.8271
2010_005158 0.6509 418.5499 302.4701 444.4737 374.1741
2010_005164 0.6988 388.4686 235.9565 398.3161 271.6882
2010_005372 0.5294 147.0810 155.4750 160.3451 208.0878
2010_005379 0.9781 289.2060 377.6941 331.5446 499.8201
2010_005379 0.9759 182.3166 367.6338 227.0352 500.0000
2010_005379 0.9669 227.7562 370.8216 276.1531 499.1792
2010_005379 0.9422 148.7745 384.6437 189.0069 499.8139
2010_005379 0.9121 120.6461 370.7241 156.6610 500.0000
2010_005379 0.9024 321.4497 367.8698 369.8110 495.2204
2010_005496 0.9099 110.3882 56.8521 336.4040 337.7028
2010_005496 0.6847 107.7874 53.8249 191.6289 123.7388
2010_005543 0.7075 44.0583 279.0022 136.4339 485.9395
2010_005576 0.6989 35.2980 20.7553 132.5154 139.0136
2010_005883 0.9756 108.4499 51.4097 218.4694 452.7091
2010_005883 0.9711 254.0715 122.3587 329.1816 325.3191
2010_006021 0.9922 128.5657 114.5561 216.9345 390.7325
2010_006056 0.9726 245.5925 176.4610 269.7850 247.7840
2011_000009 0.8550 0.9116 2.2296 43.5630 78.3084
2011_000009 0.7365 301.8277 77.6893 327.2419 145.9830
2011_000061 0.5107 475.4593 73.6444 492.9914 106.4603
2011_000206 0.9812 376.8463 228.5597 414.3276 368.2457
2011_000206 0.9805 156.7903 246.5065 197.5308 366.7799
2011_000226 0.7006 86.1075 204.5052 96.9051 235.2813
2011_000257 0.9557 103.2584 4.8562 194.9002 207.1510
2011_000338 0.6331 27.4926 264.6436 47.3948 341.6617
2011_000344 0.8492 130.9155 152.7160 183.2701 293.4907
2011_000408 0.6534 384.1862 137.0102 409.9640 210.6703
2011_000438 0.8526 157.4275 312.7795 202.1546 374.2243
2011_000622 0.9910 115.7274 89.0762 231.4479 380.3604
2011_000622 0.9555 82.0158 271.3902 129.0196 395.0286
2011_000622 0.9437 26.3271 41.8410 92.5479 385.0975
2011_000622 0.8179 0.5827 176.7579 32.1871 364.3310
2011_000622 0.6103 91.6768 15.8788 156.3078 275.7043
2011_000743 0.5296 356.5901 188.2245 372.7564 270.0428
2011_000745 0.7849 255.8852 0.0000 331.2527 97.8818
2011_000747 0.8731 229.1781 173.2080 243.9197 221.5904
2011_000747 0.8320 213.5119 180.6460 229.7829 221.7239
2011_000747 0.8297 135.3150 242.0004 151.8739 292.5965
2011_000747 0.8179 135.0476 179.4014 151.8125 226.3275
2011_000747 0.7993 154.0512 172.4328 170.5033 227.3363
2011_000747 0.7903 110.5937 254.7763 127.6740 293.9253
2011_000747 0.6814 204.8802 181.8898 218.9931 221.9661
2011_000747 0.6364 198.2376 181.7800 211.4398 224.2400
2011_000747 0.5837 35.3219 267.8884 47.1768 293.8694
2011_000747 0.5758 63.7978 262.3984 79.9357 293.1509
2011_000747 0.5571 173.8632 170.7999 189.0401 226.7946
2011_000747 0.5332 218.2280 179.0405 233.7752 221.1494
2011_000909 0.5715 190.1442 281.0984 212.1509 332.8828
2011_000909 0.5398 327.4225 284.0536 343.7083 317.0263
2011_000953 0.9115 111.1925 298.6714 139.5619 372.2061
2011_000953 0.8262 352.7672 243.6659 377.1772 305.3895
2011_001008 0.9484 198.4698 111.9318 243.8409 199.5614
2011_001058 0.9121 215.5688 259.1645 254.7862 331.7849
2011_001058 0.5544 196.9763 279.4432 220.5088 333.0000
2011_001138 0.8697 252.0322 153.6324 299.0890 202.2329
2011_001221 0.8069 264.0672 360.5581 292.9167 442.2631
2011_001295 0.7181 69.6957 259.6052 132.3277 421.4269
2011_001305 0.9502 18.5529 231.3292 74.3859 372.8953
2011_001305 0.9316 200.2496 158.2590 225.3071 265.1823
2011_001305 0.8643 212.9122 191.6296 252.2455 317.7331
2011_001305 0.8311 116.8043 191.3499 170.8231 339.5606
2011_001720 0.9464 2.9164 0.0000 83.8388 176.7617
2011_001720 0.8430 245.7030 1.2677 341.3950 144.2712
2011_001720 0.7819 139.1152 2.0829 273.7395 287.4928
2011_001720 0.7035 38.6817 105.4546 149.2776 322.9909
2011_001720 0.5278 14.2797 23.1224 163.4453 308.3759
2011_001820 0.9837 352.5006 227.2417 391.0687 339.6351
2011_001820 0.5239 285.3802 102.8451 305.3002 142.7866
2011_001856 0.5118 198.2495 304.3387 220.6441 374.5014
2011_001880 0.7396 210.4069 207.2052 267.2188 373.9563
2011_001900 0.5843 10.9914 5.9660 83.5436 150.9884
2011_001975 0.8166 333.2248 293.0129 381.1591 374.1696
2011_002158 0.9459 111.6141 241.0184 155.5844 351.6143
2011_002185 0.9322 271.4452 112.4884 296.6746 172.7421
2011_002185 0.9303 109.8257 91.7969 140.9561 180.5422
2011_002185 0.9269 38.3318 88.4232 91.0934 185.7254
2011_002185 0.8802 174.5150 107.4078 206.1596 192.9904
2011_002185 0.7666 146.4716 118.8461 173.3457 193.8953
2011_002185 0.7163 86.5904 95.5730 111.4044 171.2215
2011_002185 0.6148 161.1985 82.8800 189.3389 149.3490
2011_002185 0.5282 139.2077 77.4710 161.6583 148.0795
2011_002301 0.8319 157.0136 48.9575 235.8651 279.5699
2011_002301 0.8048 121.7644 157.8171 173.7021 278.8679
2011_002358 0.9268 323.1147 241.0184 348.6955 292.4841
2011_002531 0.5050 258.2266 120.6277 275.3133 153.2189
2011_002542 0.8800 200.6570 135.0245 217.9161 185.4923
2011_002610 0.9557 272.3969 103.6139 288.8273 157.6150
2011_002610 0.8831 107.8603 104.0329 123.4964 159.6400
2011_002610 0.7991 203.7728 100.0756 222.2486 167.7365
2011_002640 0.5276 241.5216 162.6455 254.1652 201.2658
2011_002714 0.6054 213.5087 161.5074 226.5450 213.0163
2011_002863 0.9314 403.7390 141.6153 497.0525 466.4640
2011_002863 0.7739 414.5562 139.2500 482.9679 386.7180
2011_002863 0.7642 134.6034 116.8756 269.2691 475.1584
2011_002890 0.9588 56.5226 3.3223 216.3110 184.2852
2011_002890 0.8403 7.8224 0.0000 115.4767 174.4508
2011_002890 0.5678 176.9539 0.2978 344.2914 147.0207
2011_002890 0.5331 149.7380 2.9292 355.9895 239.3000
2011_002890 0.5033 208.8902 251.2612 370.4748 471.4134
2011_002897 0.9561 472.2729 199.4916 499.0807 281.2955
2011_002970 0.9517 165.8059 149.6727 204.8952 237.2844
2011_002985 0.5118 168.3506 129.0150 217.6469 261.0934
2011_003050 0.8007 208.9428 140.2654 223.4653 180.8074
2011_003050 0.6166 199.1288 139.7495 209.6863 180.1220
2011_003152 0.9440 6.8767 269.6414 30.2314 334.0000
2011_003152 0.9177 77.6132 243.4326 95.4702 277.5936
2011_003152 0.5457 171.8615 273.7036 186.8955 317.2139
2011_003166 0.7337 189.9351 55.0293 208.1383 119.4592
2011_003166 0.5307 190.1288 51.0739 201.5687 78.3868
2011_003166 0.5304 208.6507 55.0076 241.5207 114.6347
2011_003254 0.7407 127.6704 261.4480 142.0560 297.4434
2011_003262 0.8670 226.2041 92.9248 248.5635 162.6582
2011_003262 0.8497 284.9596 106.9502 310.4147 198.3646
2011_003262 0.5943 269.6053 108.8627 288.9169 163.5818
