2008_000032 0.9987 4.0463 112.1933 479.2727 292.2316
2008_000032 0.5769 196.9594 107.2215 486.0854 293.9806
2008_000075 0.9995 20.3386 67.2488 500.0000 256.6266
2008_000075 0.6141 255.2999 77.3543 497.7635 262.0089
2008_000278 0.5817 0.0000 0.0000 498.9037 358.3383
2008_000304 0.5075 452.9927 120.0328 489.7359 164.9135
2008_000982 0.9555 157.3423 72.3890 413.6911 285.2516
2008_001820 0.8905 236.2050 46.9504 500.0000 317.9096
2008_001820 0.6130 0.0000 14.8826 236.1714 320.4331
2008_001820 0.5033 0.0000 31.4186 485.8141 322.7926
2008_001867 0.8365 115.9668 111.0849 480.0768 290.1882
2008_001867 0.8151 332.7735 131.5523 492.9788 278.6398
2008_002158 0.9349 86.5159 41.3791 361.9407 272.6842
2008_002179 0.9384 36.9241 98.8214 341.6473 337.8458
2008_002205 0.9995 1.2097 62.0882 429.1788 318.8958
2008_002412 0.9994 17.4320 158.7294 483.2973 326.0200
2008_002412 0.7545 234.0193 161.4675 480.6265 334.3225
2008_002451 0.9860 335.3865 78.6777 499.2675 232.9565
2008_003030 0.6103 163.9435 197.3640 500.0000 348.4823
2008_003067 0.9942 118.5143 194.7443 287.9870 470.4149
2008_003067 0.9710 296.6482 342.9180 325.6510 387.2580
2008_003132 0.9360 250.7491 91.1336 422.8351 250.7294
2008_003141 0.9997 108.4394 28.3154 441.4351 310.9398
2008_003220 0.5262 247.9459 396.4208 374.3323 487.1051
2008_003777 0.9980 80.7854 15.1952 432.0000 288.0000
2008_003777 0.9071 53.6066 154.5948 88.3114 190.9069
2008_003777 0.6651 139.0400 98.3223 432.0000 288.0000
2008_003924 0.9992 80.9133 48.3467 455.1267 301.5803
2008_003924 0.9405 0.8788 79.6401 104.4996 268.3638
2008_003924 0.7233 479.7687 97.9807 499.5677 223.8870
2008_003924 0.6427 78.5069 48.2689 309.9501 308.5718
2008_004088 0.9839 151.2704 7.6982 438.0000 486.9814
2008_004613 0.9984 40.8424 13.3410 440.9708 308.0464
2008_004613 0.8675 173.0164 40.5034 473.4062 305.9328
2008_004613 0.8041 30.3402 8.5321 283.0365 308.0409
2008_004614 0.9940 104.7511 258.1608 246.4491 299.5677
2008_004866 0.9734 21.3163 7.2559 265.5843 282.5745
2008_004968 0.8740 101.1262 256.5734 135.1166 281.6350
2008_005139 0.9424 136.3422 1.4997 275.3189 78.8702
2008_005277 0.9806 243.1987 160.8516 375.0000 492.1392
2008_005360 0.9914 66.2453 18.4790 461.2819 353.7862
2008_005676 0.9757 21.4656 178.1429 206.7038 234.6689
2008_005796 0.6706 251.2041 95.1270 328.3441 152.2797
2008_005933 0.9691 176.4027 75.8442 373.0005 142.6955
2008_005984 0.9986 14.6890 34.8837 424.9540 326.5143
2008_006359 0.9968 7.9318 15.8606 427.4409 369.1302
2008_006530 0.9296 11.4163 0.0000 494.9923 351.3708
2008_006554 0.9580 63.5887 62.4270 432.4204 287.4135
2008_006635 0.9998 180.8534 108.2965 371.9100 245.3859
2008_007034 0.6841 124.3005 18.1124 477.6698 220.3817
2008_007034 0.5335 32.3698 31.8985 413.1533 229.9498
2008_007056 0.9993 109.5153 264.7610 388.6930 373.4790
2008_007352 0.9995 181.3683 96.0947 318.7602 254.8302
2008_007488 0.9998 58.5733 65.8208 419.6489 297.2190
2008_007635 0.8544 0.0000 5.0348 500.0000 356.7661
2008_007787 0.5859 128.2809 1.8887 492.7561 318.4240
2008_007797 0.9988 54.3168 101.0946 364.1573 403.8614
2008_007804 0.9957 77.4052 180.5844 129.7075 217.4175
2008_007931 0.8568 0.0000 5.4874 429.1115 313.8116
2008_007931 0.6716 160.1624 0.0000 500.0000 330.5463
2008_008066 0.9839 16.9030 18.7827 351.6324 441.7783
2008_008066 0.5160 0.0000 181.2074 37.9996 270.6241
2008_008113 0.9984 137.7388 87.5064 465.3671 286.0214
2008_008120 0.9999 23.7904 27.8218 465.5364 325.7072
2008_008120 0.9487 462.5598 115.0046 498.7914 222.1266
2008_008234 0.9220 147.3029 16.2807 481.9301 375.0000
2008_008252 0.9640 35.9635 73.7232 333.5222 358.1183
2008_008301 0.9826 0.0000 84.1550 495.0657 245.0749
2008_008469 0.9698 1.7327 14.1215 338.6492 302.4626
2008_008469 0.9689 79.2165 0.0000 347.6115 417.8443
2008_008469 0.5946 0.0000 19.4271 246.2391 380.2810
2008_008598 0.9925 16.1396 28.6288 455.0720 254.2099
2008_008598 0.8375 453.1159 132.6210 500.0000 198.1524
2008_008628 0.5317 360.8263 177.1930 451.6764 204.6842
2008_008679 0.7806 240.4218 242.2565 273.3570 279.2101
2008_008682 0.9990 241.2581 205.0812 396.7852 349.8179
2008_008682 0.9961 2.9001 218.5716 163.1639 319.4142
2008_008682 0.9833 139.5195 234.6270 246.5558 333.1425
2008_008682 0.6126 17.7516 215.1886 231.8386 328.3452
2008_008683 0.9992 0.0000 149.6335 115.3298 289.3745
2008_008683 0.9975 107.0096 117.1171 240.5260 317.9139
2008_008684 0.9954 278.6706 169.0195 356.7234 236.3596
2008_008684 0.9877 213.6691 177.6133 292.4919 253.8506
2008_008684 0.5425 232.3611 171.5772 320.3961 240.0268
2008_008705 0.9999 237.1489 114.6682 484.9260 287.1683
2008_008705 0.9979 13.9956 150.8739 211.5109 246.4033
2008_008705 0.7177 3.0871 148.4277 89.3486 229.8890
2009_000060 0.9999 91.0417 16.5100 471.1685 323.8538
2009_000089 0.9984 77.7875 59.4193 470.7774 294.4327
2009_000097 0.9507 184.7332 116.7340 403.1300 221.1284
2009_000199 0.9994 92.5027 118.4521 462.6143 284.6064
2009_000335 0.9997 108.4779 45.6558 376.9476 270.9211
2009_000335 0.9976 1.3737 109.9251 114.2525 265.8481
2009_000426 0.9994 225.9438 93.0965 447.4409 240.0144
2009_000426 0.9992 10.1547 64.0707 232.0365 250.2205
2009_000426 0.5966 116.8634 72.3526 422.7179 243.9368
2009_000455 0.9997 206.1908 121.8086 352.9290 279.7809
2009_000519 0.9969 129.9438 167.4543 387.8931 269.3347
2009_000519 0.9867 410.9844 179.3258 500.0000 242.3017
2009_000519 0.8492 81.2438 183.9001 144.8775 232.7695
2009_000519 0.8161 129.4454 174.6747 260.3252 252.8788
2009_000519 0.7776 231.5610 167.1329 392.3216 270.0736
2009_000545 0.7130 5.6736 202.7804 90.5740 239.7893
2009_000558 0.9967 3.1814 103.9882 375.0000 406.6168
2009_000568 0.9651 22.4282 49.5159 481.5372 221.1548
2009_000648 0.9996 108.7819 97.6467 386.1594 229.0110
2009_000886 0.9994 100.2618 102.2200 380.8482 256.3215
2009_000890 0.9735 0.0000 12.7092 247.0439 333.0000
2009_000960 0.9996 99.1807 40.0250 485.6261 311.5432
2009_001044 0.9998 65.8248 105.0726 451.9525 293.4117
2009_001082 0.9994 256.1251 95.7754 492.7968 353.8146
2009_001082 0.9989 22.0215 8.2175 294.9886 338.0557
2009_001082 0.8457 110.7226 35.7623 463.8225 352.2625
2009_001082 0.7341 16.8246 109.8001 351.3326 346.8144
2009_001083 0.9972 375.0333 107.2927 500.0000 213.7176
2009_001083 0.9736 86.8185 68.9572 329.2711 294.3410
2009_001083 0.9709 21.7054 104.7016 90.3724 204.0606
2009_001113 0.9998 31.3818 30.9115 398.2915 266.5715
2009_001148 0.9998 43.1491 19.5541 458.9930 311.5417
2009_001148 0.9511 412.9139 32.1987 500.0000 281.5722
2009_001321 0.8137 102.5321 10.8410 395.7476 311.6946
2009_001326 0.9998 62.7231 68.6190 425.3760 307.6779
2009_001326 0.9200 424.5453 140.9623 473.2033 232.2324
2009_001326 0.7028 0.0000 164.5989 48.9368 228.0765
2009_001366 0.9998 19.0382 35.1278 487.5598 334.1001
2009_001366 0.8510 173.6626 45.2835 486.0409 298.9476
2009_001633 0.9721 0.0000 154.9642 361.3695 492.0486
2009_001633 0.9189 13.0707 9.5895 305.8698 500.0000
2009_001633 0.5229 21.8023 20.2886 348.9471 292.6812
2009_001675 0.9985 52.7219 26.4754 459.9556 355.7191
2009_001707 0.9952 111.7172 32.5572 474.4298 346.9125
2009_001752 0.9741 93.4078 75.3717 374.5930 225.4959
2009_001804 0.9982 82.9220 97.7951 455.4348 311.0432
2009_001811 1.0000 158.1434 119.5130 393.6931 268.3174
2009_001816 0.9994 20.0813 57.0563 408.8238 293.1693
2009_001822 0.9954 31.0636 7.4417 462.1972 335.7021
2009_001822 0.7327 45.4936 128.2634 485.0784 332.5039
2009_001822 0.5838 40.0337 0.0000 432.4362 212.4647
2009_001823 0.5369 98.4532 8.4293 375.6791 237.9959
2009_001854 0.9999 81.3832 19.8091 392.0684 309.7255
2009_001854 0.9020 0.0000 47.6426 89.4053 268.0418
2009_001854 0.6573 54.1214 138.5936 388.4078 302.5878
2009_001854 0.6552 0.0000 146.5231 81.1932 266.4318
2009_001854 0.5170 449.6448 214.5469 490.7247 226.7505
2009_001967 0.9998 41.9642 37.0120 409.6721 297.5055
2009_002128 0.8664 144.0433 42.2620 414.6523 283.0490
2009_002238 0.9859 0.0000 5.7696 392.6407 399.0157
2009_002238 0.7086 0.0000 5.3012 209.0167 406.3437
2009_002398 0.9955 12.8035 32.2693 471.8272 334.4769
2009_002398 0.9295 19.6537 29.5535 262.5734 324.4807
2009_002398 0.5574 157.0080 51.8429 478.4088 314.8742
2009_002436 0.9999 36.7910 19.1427 442.4056 295.7472
2009_002436 0.6599 31.4911 39.4007 271.3428 288.2467
2009_002457 0.9991 31.8816 27.8803 435.2489 304.8053
2009_002457 0.7844 31.5797 8.5286 286.4347 308.5138
2009_002512 0.9992 134.3178 32.5900 403.2839 302.0258
2009_002512 0.9658 405.4097 118.8050 478.7253 238.3752
2009_002517 0.9797 62.6287 70.2535 461.2790 287.4101
2009_002532 0.9987 70.7955 107.1665 369.9231 313.9496
2009_002535 0.9987 105.3053 64.5673 387.6984 285.7946
2009_002566 0.9992 32.3965 50.5208 113.5078 185.7001
2009_002566 0.9985 111.4353 34.1507 435.6339 273.1573
2009_002570 0.9977 192.3757 101.3761 280.9256 210.3067
2009_002570 0.9929 83.2125 101.3584 188.8484 221.6179
2009_002570 0.9896 283.3041 104.9263 352.2588 208.0603
2009_002570 0.9883 3.6238 63.1577 84.5718 223.0514
2009_002570 0.8684 359.5975 108.1053 428.0117 207.9807
2009_002675 0.5796 47.0756 0.0000 420.7523 375.0000
2009_002680 0.5900 403.8616 135.2129 481.8867 270.6590
2009_002774 0.7001 242.6495 180.0806 311.3745 223.2538
2009_002779 0.7878 98.3511 206.7364 196.7281 254.1695
2009_002876 0.9995 45.1684 59.7767 466.4260 356.8880
2009_002876 0.9876 450.5356 97.9485 499.5700 234.4861
2009_003018 0.9999 19.2118 53.5734 456.4944 279.5469
2009_003058 0.6376 82.8131 143.0835 329.9824 368.1974
2009_003276 0.9959 57.7604 159.2493 351.2714 279.5436
2009_003304 0.9999 58.4764 52.2188 452.8846 294.9263
2009_003422 0.9997 38.4186 10.5500 485.2032 309.6608
2009_003491 0.9999 33.7980 37.7199 407.6923 261.7998
2009_003491 0.9984 361.6053 81.8050 444.9926 171.4211
2009_003491 0.9924 447.6557 96.4697 494.0142 149.0671
2009_003566 0.9999 84.2931 139.1940 408.0189 298.2268
2009_003592 0.9995 5.5184 125.9441 469.6311 284.1859
2009_003669 0.9997 115.7026 159.3514 270.5079 314.7456
2009_003669 0.9874 331.9040 214.9161 495.1203 345.1232
2009_003669 0.9642 279.0281 188.9853 423.8987 301.8155
2009_003669 0.9542 265.4771 204.4158 340.2701 304.6314
2009_003689 0.8753 276.8742 267.1823 332.0000 341.6630
2009_003703 0.9999 59.6108 82.1537 492.7325 314.5487
2009_003703 0.7363 242.2156 71.1352 495.1261 324.2294
2009_003710 0.9996 55.6838 30.3844 378.5095 313.0782
2009_003781 0.9986 76.4054 77.1510 390.5758 265.1615
2009_003916 0.9994 25.4674 34.1790 500.0000 322.6447
2009_003916 0.9474 211.2862 23.7447 481.3185 321.8485
2009_004040 0.9997 45.4110 33.7940 439.8653 324.4098
2009_004040 0.9758 427.5998 115.0339 500.0000 199.7431
2009_004040 0.5215 40.4805 125.6994 58.0600 191.5618
2009_004052 0.9997 64.1943 39.1918 437.2648 292.3275
2009_004072 0.9608 54.0359 23.0470 466.2153 370.1355
2009_004197 0.9994 332.2057 206.5505 449.4892 262.4303
2009_004197 0.9983 62.7754 191.3583 331.5280 280.1087
2009_004258 0.9997 62.9963 38.3235 455.1284 282.7249
2009_004350 0.9140 87.0748 141.5643 385.4902 315.9745
2009_004440 0.9960 21.3691 88.8780 159.1157 250.7141
2009_004440 0.8798 296.9329 59.0046 474.2938 271.8596
2009_004567 0.9983 82.6764 139.9683 419.8185 254.7306
2009_004590 0.9992 120.9886 39.5288 406.6634 269.4083
2009_004670 0.9986 43.6821 62.0301 485.5209 275.7419
2009_004732 0.9998 55.1800 63.8282 415.1308 283.8318
2009_004732 0.8238 376.4490 100.4267 446.1481 256.3983
2009_004789 0.9706 184.6466 38.5669 497.0594 329.9498
2009_004789 0.9622 46.1328 75.1781 249.9343 211.7291
2009_004789 0.7215 13.2246 59.0753 471.8844 341.8001
2009_004789 0.5738 30.5033 58.6103 320.6186 315.3713
2009_004867 0.9998 41.5513 55.2829 457.5835 318.2127
2009_004947 0.9994 41.2790 62.7270 352.7715 287.5909
2009_005060 0.9999 85.3068 54.8468 488.1458 288.7512
2009_005060 0.8063 485.7415 132.2658 496.6391 203.8162
2009_005231 0.9960 91.9117 170.9346 268.3667 237.8011
2009_005242 0.6720 123.3999 13.2160 492.5429 328.8254
2009_005279 0.9977 216.6659 149.1447 362.7632 284.9672
2009_005279 0.9785 0.0000 124.5513 214.5985 299.7514
2010_000069 0.9946 44.5310 7.7977 466.6581 329.1033
2010_000376 0.9989 43.3117 113.0566 391.9916 274.2823
2010_000524 0.9996 70.5881 74.8865 396.3132 289.0266
2010_000573 0.9999 94.4517 72.1502 445.5201 347.2235
2010_000603 0.9968 132.3553 64.3310 417.5570 291.2748
2010_000682 0.9999 92.5640 32.0227 336.2274 212.3086
2010_000689 0.8965 156.3970 0.0000 500.0000 313.7129
2010_000689 0.8577 105.5409 0.0000 397.1338 222.4554
2010_000726 0.9992 43.4850 44.6615 385.3865 449.3569
2010_000726 0.9781 391.6302 203.7894 454.0000 447.6629
2010_000726 0.9241 389.5685 38.4197 451.9818 448.5079
2010_000726 0.8857 0.2801 171.0755 55.0015 417.0165
2010_000726 0.6098 0.0000 62.7279 69.0596 403.2100
2010_000797 0.9786 128.4407 166.3607 246.5000 231.8615
2010_000797 0.7517 65.7866 167.8452 254.9021 233.9923
2010_000797 0.5798 378.5023 180.3484 497.8236 228.7910
2010_000947 0.9998 288.6640 84.2120 465.6130 285.9655
2010_000947 0.9948 56.2072 142.1006 291.6008 289.8474
2010_001204 0.9978 6.7644 146.5208 125.0295 325.3553
2010_001206 0.9992 67.2851 82.9457 406.8294 245.9769
2010_001364 0.9995 1.3835 62.3619 299.4018 350.2435
2010_001403 0.9917 107.5959 0.0000 487.9875 320.9163
2010_001453 0.9937 97.3953 67.2392 372.2226 260.5052
2010_001640 0.9990 203.1943 87.6389 371.3447 231.6909
2010_001640 0.9981 364.7802 106.2371 469.7644 225.9681
2010_001640 0.9969 4.7038 66.3487 205.4759 244.2129
2010_001640 0.9937 467.3975 125.9406 500.0000 220.2771
2010_001646 0.9998 271.9604 48.5489 489.4925 261.7208
2010_001646 0.9994 13.7233 73.5148 144.8991 242.6217
2010_001646 0.9992 141.4385 106.2836 254.8428 227.6884
2010_001771 0.9995 37.8790 95.2488 371.9417 222.1133
2010_001771 0.7669 300.6995 92.6271 371.8178 214.1285
2010_001892 0.9980 0.0000 3.4708 331.3816 251.9815
2010_002102 0.9998 100.4592 50.1872 394.3946 277.2574
2010_002484 0.7021 23.0767 14.9084 368.2946 247.4481
2010_002546 0.9986 69.7392 101.9597 347.9149 293.6340
2010_002546 0.9982 360.8831 83.8641 499.8223 304.1641
2010_002682 0.7493 0.5856 123.4373 81.8424 199.7507
2010_002758 0.9998 46.2119 51.8214 458.8442 302.3245
2010_002774 0.9995 55.8063 62.7527 459.1169 264.2261
2010_002774 0.9691 0.0000 68.9817 86.9366 256.9399
2010_002868 0.9997 10.2366 17.5474 290.6122 338.3608
2010_002868 0.9977 280.5655 95.5598 475.9916 294.3570
2010_002868 0.9355 471.1516 144.0208 499.4266 242.6178
2010_003040 0.9975 30.8245 29.7070 447.7202 261.4968
2010_003040 0.5013 205.5952 17.7397 451.3233 274.0282
2010_003129 0.8389 208.2346 162.2224 466.4719 254.7910
2010_003293 0.9992 76.6179 48.2525 402.6732 291.8865
2010_003293 0.7304 56.2985 141.2026 89.4248 192.0873
2010_003562 0.9997 53.0781 65.4396 479.6541 278.9571
2010_003645 0.5236 218.1400 136.5751 355.6244 211.7436
2010_003708 0.6014 301.8558 134.4333 327.0216 158.5779
2010_003772 0.9996 45.5176 136.4861 325.9861 273.9099
2010_003855 0.9941 10.6038 166.6136 350.7717 442.0796
2010_003936 0.9990 56.9384 5.1449 421.5525 281.0826
2010_003936 0.6681 462.7497 71.5570 500.0000 267.8889
2010_003936 0.6654 209.2465 12.9643 477.0335 273.4757
2010_004139 0.8877 0.0000 44.5633 494.2512 346.9905
2010_004263 0.9969 137.1535 85.7829 428.8500 215.6847
2010_004348 0.8211 33.8858 50.7647 418.7861 260.6715
2010_004554 0.9986 81.0368 40.0895 469.3617 339.9531
2010_004588 0.9997 147.1158 7.3129 421.3540 320.2869
2010_004588 0.9646 0.0000 27.4091 125.3420 339.0287
2010_004588 0.9627 418.9037 82.6919 500.0000 322.6172
2010_004588 0.5899 133.4829 7.5800 439.4583 171.5596
2010_004627 0.9995 124.7591 44.3873 346.2130 140.8087
2010_004637 0.9996 96.5826 64.4935 478.8884 352.8698
2010_004735 0.9895 0.0000 32.3988 410.0000 473.9907
2010_004735 0.5675 30.9275 13.8998 391.9587 275.7987
2010_004903 0.9096 0.0000 38.5548 375.0000 448.7966
2010_005013 0.6287 5.2574 74.0068 323.7144 203.5706
2010_005063 0.9998 406.4442 149.6035 499.4892 217.8849
2010_005063 0.9988 208.7376 138.5213 365.6491 221.3565
2010_005063 0.9983 84.8316 135.8416 173.8890 228.1780
2010_005063 0.9970 0.0000 139.1588 78.3726 226.5148
2010_005063 0.9941 355.0427 145.0402 404.8394 217.1393
2010_005063 0.8800 177.3530 145.1691 243.2889 208.7004
2010_005118 0.9968 36.0501 89.0852 415.9398 329.8904
2010_005118 0.5793 207.2504 79.8131 431.2173 335.7761
2010_005123 0.9990 113.9701 191.2968 214.5149 245.0808
2010_005284 0.9996 92.9780 28.1265 407.0085 257.4836
2010_005483 0.5165 161.5034 0.0000 491.9878 314.8763
2010_005502 0.9984 99.5388 131.9976 211.2331 213.9794
2010_005527 0.9998 124.2003 119.0463 341.1499 254.6251
2010_005636 0.9964 119.4584 46.9646 500.0000 309.3857
2010_005756 0.9997 0.0000 51.5659 481.3252 249.9790
2011_000007 0.9670 84.0293 92.5905 307.3256 444.3794
2011_000090 0.9995 12.6300 95.5817 471.9414 308.1896
2011_000178 0.9748 9.0897 30.0531 445.6652 352.2353
2011_000239 0.9838 96.0746 82.6017 420.0967 285.1998
2011_000248 0.9986 278.4232 87.7736 420.5458 263.5813
2011_000248 0.9888 36.2482 102.8334 222.0529 259.6194
2011_000312 0.9999 242.5372 59.8854 494.6806 172.3999
2011_000312 0.9995 32.8882 59.6981 247.1570 163.8364
2011_000369 0.9998 268.6372 117.7604 446.8188 202.9787
2011_000432 0.6100 1.3378 98.9867 63.1456 247.1620
2011_000541 0.9996 92.1758 76.5819 399.5259 250.6042
2011_000541 0.9809 399.8335 52.5325 500.0000 290.6606
2011_000559 0.9997 90.1598 76.1028 428.4894 281.5872
2011_000559 0.9972 0.0000 98.5042 49.1132 208.1284
2011_000767 0.9631 57.6631 258.6045 307.8388 473.7247
2011_000830 0.9980 34.3112 38.0724 325.1532 427.7905
2011_000830 0.9856 0.0000 96.4534 65.8998 379.3929
2011_000830 0.7942 314.9601 225.5373 346.2839 318.5292
2011_000888 0.9999 8.0363 59.4926 446.4187 290.4778
2011_000901 0.9986 49.8046 12.9841 479.6460 296.2908
2011_000969 0.6615 166.8932 165.0791 449.7114 265.8107
2011_001060 0.5471 0.0000 5.0147 201.6306 248.5517
2011_001064 0.9984 71.0888 128.4981 477.6739 289.5954
2011_001105 0.9999 16.1779 34.9157 407.2047 218.5157
2011_001110 0.7765 313.3172 137.1176 406.6284 169.8881
2011_001126 0.7568 356.7118 175.9617 430.6884 213.9265
2011_001146 0.9989 23.6876 13.6289 473.2378 314.2058
2011_001146 0.9984 465.7520 119.3804 500.0000 166.9930
2011_001146 0.9783 29.8532 11.8262 305.4825 323.4146
2011_001221 0.8303 336.4633 225.1709 390.0872 254.1693
2011_001341 0.9998 79.2101 20.9483 419.9895 292.6053
2011_001341 0.5148 50.6449 24.0814 405.5471 197.4879
2011_001355 0.9994 110.0826 61.1367 408.7069 302.0678
2011_001355 0.9891 399.0348 82.4391 480.2644 272.0495
2011_001355 0.8559 11.5373 75.2023 64.2476 327.0481
2011_001406 0.7601 113.4921 335.4924 323.4680 429.5426
2011_001747 1.0000 96.8174 36.9240 446.0031 281.0850
2011_001747 0.9530 438.2425 150.4648 454.0233 186.9232
2011_001870 0.9930 73.0732 28.6577 291.9792 415.4427
2011_002079 0.9965 0.0000 47.4653 339.8859 375.0000
2011_002215 0.9961 292.7760 0.0000 500.0000 368.8779
2011_002215 0.6464 293.2280 174.6143 485.1106 375.0000
2011_002330 0.9996 81.9378 64.0421 399.4842 252.3289
2011_002330 0.9874 464.1861 106.7760 498.6159 180.6908
2011_002330 0.6119 427.1043 105.0974 474.6309 167.9476
2011_002330 0.5784 438.4011 107.7426 491.3063 174.5380
2011_002384 0.9470 17.5023 147.4032 377.6070 246.9050
2011_002629 0.9999 38.7487 28.4236 457.9258 318.6853
2011_002687 0.9999 108.0537 158.3243 432.7357 490.0331
2011_002687 0.5287 117.9017 290.1242 425.8920 481.0657
2011_002796 0.8161 249.0258 21.4015 468.9397 135.7829
2011_002925 0.9915 82.9448 240.4611 226.3952 339.8195
2011_003086 0.9944 119.9605 241.4587 296.6578 423.3179
2011_003114 0.9703 128.7827 60.2785 375.5901 320.9733
