2008_000027 0.9736 188.6974 8.1825 500.0000 372.7271
2008_000027 0.9429 21.7891 30.0542 484.4957 358.7894
2008_000027 0.9006 18.0676 70.9104 316.6308 324.2671
2008_000027 0.7689 347.3010 92.3563 496.0652 227.6168
2008_000027 0.6646 238.2577 27.2879 500.0000 193.4627
2008_000027 0.6280 238.3126 27.1602 498.9048 121.3962
2008_000042 0.9698 446.2152 258.1662 496.8208 338.7350
2008_000050 0.9658 291.1007 196.8401 325.2796 227.8107
2008_000050 0.5040 0.0000 181.2903 500.0000 375.0000
2008_000052 0.9713 157.3702 72.2676 276.1355 137.8569
2008_000133 0.5955 154.9427 0.0000 496.7210 201.0590
2008_000163 0.9304 0.0000 37.2554 500.0000 327.8274
2008_000163 0.6759 170.7962 25.9210 500.0000 296.6075
2008_000174 0.9897 0.0000 278.2810 40.5043 312.5706
2008_000174 0.9550 177.2468 271.4039 246.9230 293.3459
2008_000174 0.9202 54.8948 270.3875 118.2251 306.0345
2008_000174 0.8268 422.0330 268.1480 497.7728 354.5020
2008_000174 0.6405 0.3993 262.4273 50.9853 308.9896
2008_000174 0.5296 73.5144 271.0186 120.1169 300.5334
2008_000174 0.5239 96.5642 267.5620 147.9340 291.0645
2008_000219 0.5659 142.5278 71.4800 164.7846 78.8725
2008_000253 0.9844 256.4410 351.7634 320.4542 380.4729
2008_000253 0.7289 15.2035 341.8150 29.5711 354.8241
2008_000253 0.5708 10.6666 341.8185 27.6150 356.3982
2008_000261 0.8138 0.0000 22.7658 186.7842 303.6429
2008_000261 0.6677 0.0000 17.6465 171.6073 208.3024
2008_000261 0.5504 41.8952 19.2459 483.5190 322.3192
2008_000261 0.5361 243.5435 38.9197 500.0000 322.0169
2008_000278 0.6052 2.7960 185.5418 42.5237 336.2084
2008_000281 0.5954 199.0293 404.5780 282.5588 439.7255
2008_000304 0.9695 0.0000 158.0267 27.0575 185.3654
2008_000304 0.9603 454.7254 152.5650 500.0000 217.6510
2008_000304 0.9305 16.2534 153.9899 61.5386 180.9857
2008_000367 0.8810 0.0000 31.8544 390.8146 287.4243
2008_000457 0.9800 43.4900 271.5023 85.0072 297.2728
2008_000457 0.9676 0.0000 266.5507 45.2505 305.2810
2008_000457 0.8458 78.7651 273.1078 94.2120 290.5240
2008_000501 0.9894 162.4098 308.4135 474.6938 369.1963
2008_000516 0.9285 50.4199 129.4174 91.2624 154.7234
2008_000562 0.9814 311.5148 133.9952 432.2831 202.2546
2008_000599 0.9183 26.0475 73.0479 119.6804 112.2139
2008_000599 0.9148 262.8772 50.8270 336.9087 79.3589
2008_000599 0.9093 76.6676 66.1071 149.7018 94.1115
2008_000599 0.6135 55.2820 75.8541 118.3370 104.0492
2008_000659 0.9220 241.4186 264.6744 266.8800 282.1429
2008_000783 0.5467 3.4832 155.6936 53.0282 198.6208
2008_000828 0.9478 0.0000 39.3349 489.6913 374.0728
2008_000868 0.7428 0.0000 310.1027 32.0865 341.5821
2008_000880 0.9705 0.4527 108.1130 154.7359 168.5242
2008_000884 0.9858 172.6169 172.7253 411.9186 252.5950
2008_000884 0.9712 0.8306 172.3976 132.2896 263.2032
2008_000939 0.9455 9.7012 40.0525 485.7573 259.6322
2008_000952 0.9943 265.4549 136.3412 357.4553 210.5893
2008_000952 0.9880 380.0969 125.4331 499.3354 205.7237
2008_000952 0.9269 90.2990 138.4748 197.8290 225.3633
2008_000952 0.8940 0.0000 197.0712 81.8473 373.1248
2008_000952 0.7448 5.0280 127.6393 93.9912 210.1605
2008_000952 0.7196 355.2916 264.1236 500.0000 373.9453
2008_000952 0.7052 425.6329 130.8279 499.7953 212.2711
2008_000952 0.5857 183.2987 151.3198 203.0166 200.5345
2008_000982 0.8594 487.2933 197.9788 500.0000 235.2890
2008_001007 0.9838 434.5096 160.5700 487.8143 229.3508
2008_001034 0.5141 0.2636 200.9282 16.1941 223.3390
2008_001062 0.8643 405.2982 63.8897 436.1092 81.2575
2008_001062 0.8593 436.4664 68.0246 476.2198 81.4281
2008_001062 0.8542 94.1097 61.1726 135.9766 91.6299
2008_001062 0.8527 326.9445 54.5704 373.0642 90.1326
2008_001062 0.7352 202.9312 67.7109 228.2068 82.6950
2008_001142 0.9411 9.1554 255.3676 109.6362 318.0203
2008_001142 0.9228 195.3783 263.4551 218.3408 277.6051
2008_001262 0.7186 25.7506 84.4521 483.4500 351.9515
2008_001308 0.9546 412.6166 58.0429 500.0000 150.6386
2008_001334 0.9748 226.5544 311.0657 329.2757 343.7004
2008_001334 0.6372 212.4104 313.4247 250.5536 338.5800
2008_001445 0.9884 94.3035 35.9896 132.2244 64.7936
2008_001445 0.9605 314.6167 56.2530 454.4878 130.7850
2008_001445 0.9597 74.8468 44.3442 424.2162 308.1621
2008_001445 0.9578 43.3327 32.8351 79.6261 62.4576
2008_001543 0.7507 163.9679 216.0128 254.1147 265.0819
2008_001586 0.9384 87.6932 247.8713 131.0460 287.2196
2008_001586 0.8896 0.0000 250.4333 20.9045 308.6083
2008_001681 0.8925 141.3080 250.2614 160.9070 263.1607
2008_001681 0.6238 47.5745 231.5887 91.5884 296.2171
2008_001717 0.9840 66.7511 269.9351 125.9581 295.8114
2008_001717 0.8610 107.5851 260.1425 198.0237 323.8354
2008_001830 0.7592 4.1345 156.9662 47.4220 193.3245
2008_001830 0.7568 130.2719 152.0828 298.4443 225.2423
2008_001867 0.9184 169.2438 233.8295 499.7245 373.1413
2008_001908 0.8470 188.3512 321.2247 228.1160 335.2816
2008_001908 0.7991 241.3824 311.0806 277.7563 326.5445
2008_001951 0.7272 25.2581 3.2991 494.8002 312.8469
2008_001951 0.5967 350.3255 181.1945 500.0000 367.2384
2008_001951 0.5701 323.7273 85.3278 500.0000 367.3012
2008_001961 0.9071 144.1973 201.9964 177.8267 237.8108
2008_001961 0.7070 404.9032 172.2164 500.0000 239.7957
2008_002035 0.6133 211.9728 20.0923 486.3528 325.8517
2008_002138 0.8774 408.9852 137.7300 450.0156 168.7039
2008_002138 0.6079 0.0000 175.8092 28.0157 187.5727
2008_002198 0.7970 38.1392 123.3703 488.4102 326.1898
2008_002198 0.5690 154.4436 128.2742 495.3380 286.4549
2008_002199 0.9471 3.9788 168.6326 187.2782 301.6276
2008_002199 0.8994 333.4809 190.8710 500.0000 345.1200
2008_002199 0.8628 185.9974 160.8634 257.3415 278.6968
2008_002199 0.8418 138.9677 161.2720 274.0959 276.0045
2008_002199 0.7175 213.7112 174.7103 492.3018 343.0301
2008_002199 0.6937 38.7033 182.7516 59.2842 198.0479
2008_002199 0.6765 47.6295 159.2310 256.6526 290.5120
2008_002199 0.5065 40.6886 164.1983 500.0000 322.3848
2008_002240 0.7274 437.0800 115.4963 499.8700 261.4905
2008_002322 0.9174 222.0734 103.7560 494.3430 231.5390
2008_002322 0.9124 1.3434 168.7828 146.5191 264.9476
2008_002444 0.9933 218.9376 377.7946 375.0000 492.1833
2008_002444 0.9856 0.0000 369.4434 27.2631 407.8296
2008_002454 0.7111 311.9570 133.3381 500.0000 319.7902
2008_002483 0.9947 281.6364 150.0748 496.4267 271.7358
2008_002483 0.9413 0.0000 169.6013 118.4679 316.0987
2008_002483 0.8925 130.1268 155.0175 397.5069 300.7910
2008_002483 0.8266 14.0539 151.7266 358.8069 336.6153
2008_002640 0.9046 29.7399 164.4793 89.3113 199.8013
2008_002643 0.5237 2.2338 99.7076 54.5119 145.1764
2008_002696 0.5674 284.5510 116.9299 500.0000 308.6549
2008_002746 0.6093 73.0032 126.1422 231.6676 269.8866
2008_002783 0.8740 9.9524 52.2907 492.9873 375.0000
2008_002875 0.9569 443.1128 26.1723 500.0000 180.7905
2008_002875 0.8994 0.0000 36.2589 214.1067 237.4973
2008_002875 0.7894 9.2410 35.1584 408.7492 337.6422
2008_002958 0.9369 0.0000 67.9098 325.0954 441.4326
2008_002958 0.9324 347.9851 179.1328 375.0000 206.8959
2008_002958 0.7074 0.0000 179.5280 341.4204 496.7142
2008_002965 0.8233 0.3990 225.5834 9.8827 239.1120
2008_003005 0.6611 20.2924 16.5278 449.6335 280.8654
2008_003022 0.7701 408.0893 115.2949 453.7971 140.6349
2008_003022 0.7163 436.2026 113.3691 499.6317 144.8883
2008_003022 0.6044 405.4265 119.0905 437.0103 140.2435
2008_003067 0.6259 301.0936 371.3403 322.6335 387.6715
2008_003141 0.9560 0.0000 190.1186 148.8684 327.7662
2008_003141 0.6768 415.2903 329.7619 498.6688 373.8704
2008_003205 0.9647 124.2693 51.2361 157.8881 77.0000
2008_003300 0.9840 0.0000 0.0000 500.0000 440.9703
2008_003300 0.5798 1.9511 14.4944 304.4059 449.0791
2008_003316 0.7888 350.3321 311.6352 374.7823 420.1231
2008_003333 0.8994 281.2515 79.6863 396.4306 169.5521
2008_003350 0.9149 163.2519 134.0921 201.0234 161.3003
2008_003350 0.8279 64.9795 136.6200 88.4787 150.9666
2008_003405 0.9012 322.2853 101.7304 448.2405 145.3128
2008_003405 0.7481 189.4919 101.4806 241.9871 115.6159
2008_003405 0.6990 259.7075 100.4242 300.0039 115.6828
2008_003405 0.5355 139.2112 102.5723 187.6362 116.3801
2008_003479 0.9957 237.0572 106.0057 375.0000 291.4463
2008_003479 0.9942 0.0000 69.8455 134.6065 236.1761
2008_003479 0.9609 35.8743 76.2029 375.0000 305.7925
2008_003479 0.5392 36.9926 117.3181 335.8293 406.6457
2008_003542 0.6392 86.4438 195.8133 111.5987 206.5317
2008_003577 0.8900 8.2588 68.4910 193.1775 168.7481
2008_003577 0.8811 12.0717 11.1510 423.1297 364.2487
2008_003577 0.5779 0.6063 61.8423 291.3948 371.6116
2008_003647 0.9176 10.5420 3.8477 483.7758 309.2958
2008_003680 0.8949 421.3130 179.1741 497.0594 220.6884
2008_003680 0.8245 83.6297 243.8514 285.0274 317.6849
2008_003680 0.6519 373.3962 172.3971 454.8792 208.0208
2008_003680 0.6075 44.4487 217.9992 283.8083 306.3802
2008_003680 0.6012 74.9732 218.6709 211.4874 280.2318
2008_003680 0.5658 41.6233 203.6553 253.0304 287.4905
2008_003684 0.6104 6.6698 156.0291 40.7990 180.9382
2008_003755 0.9371 50.1970 93.3810 348.3222 360.5634
2008_003775 0.7294 108.7787 172.4724 161.6615 212.0423
2008_003794 0.8685 24.9722 182.7732 105.8636 210.0419
2008_003794 0.8015 239.8932 184.7544 301.2240 207.2427
2008_003794 0.6342 170.2581 170.7020 223.1216 205.3785
2008_003794 0.5063 155.7457 176.2515 171.5242 193.5206
2008_003829 0.6558 1.4677 109.5184 16.4272 142.9431
2008_003835 0.9342 314.0906 410.0271 373.8743 429.6060
2008_003835 0.8651 228.2730 409.0936 297.4237 439.4205
2008_003835 0.8243 43.7349 411.1653 60.3205 426.2376
2008_003835 0.5472 177.6477 414.1982 194.0829 432.4098
2008_003835 0.5246 347.6722 410.7987 373.4943 430.2404
2008_003844 0.9603 441.4487 104.8937 498.2681 195.3161
2008_003844 0.9405 148.3630 116.2594 283.7856 179.6730
2008_003844 0.9390 339.5873 123.3068 384.2148 155.0969
2008_003844 0.8955 0.0000 134.6649 40.8155 156.0390
2008_003844 0.8223 10.5882 120.2102 175.6657 184.5155
2008_003846 0.6697 16.7230 78.9353 485.2851 290.9548
2008_003856 0.5318 174.3519 93.1171 500.0000 375.0000
2008_003860 0.9831 66.6212 142.4325 159.8897 208.1715
2008_003860 0.9061 2.2105 129.6596 111.0511 198.2312
2008_003868 0.9750 300.9505 144.9827 497.4778 295.2782
2008_003868 0.7706 211.4181 118.5776 491.6954 299.3316
2008_003868 0.6208 63.1775 112.2470 476.5554 308.1187
2008_003868 0.6174 240.2737 126.9481 395.0974 249.3181
2008_003924 0.6731 458.9323 178.8052 484.6976 192.9025
2008_003941 0.9081 17.7446 330.7951 43.5146 352.1071
2008_003943 0.9750 78.1716 112.9557 398.3021 224.0214
2008_003943 0.5178 416.9471 1.3069 464.5056 18.1055
2008_004020 0.9292 6.1811 11.6251 500.0000 359.5039
2008_004046 0.9254 251.2290 87.5791 377.5234 138.1288
2008_004046 0.8926 252.6552 85.8112 331.2685 136.5993
2008_004046 0.8410 412.5606 52.7688 479.7910 90.8235
2008_004056 0.8193 0.7739 98.1517 45.1243 133.8981
2008_004069 0.9342 63.2492 60.9236 472.2690 303.3454
2008_004127 0.9783 310.9558 8.2334 395.3917 34.7383
2008_004127 0.9659 290.4157 21.9429 500.0000 210.0641
2008_004127 0.9649 64.5969 12.1697 489.7545 346.2257
2008_004127 0.8233 144.8028 15.6034 500.0000 265.1640
2008_004182 0.9123 440.5699 88.7743 485.7229 117.1662
2008_004312 0.9866 40.2488 75.4190 485.6119 302.4324
2008_004312 0.7348 124.3152 65.9952 317.2002 150.7747
2008_004326 0.9739 474.0584 113.3181 499.8494 150.0692
2008_004326 0.9534 107.4770 134.1541 246.8395 195.2490
2008_004326 0.9043 67.9146 135.5908 170.5691 185.1722
2008_004326 0.9038 228.3769 101.8200 472.1649 216.6353
2008_004326 0.8977 36.0444 129.0495 151.3771 182.2007
2008_004414 0.9625 27.9569 85.3984 441.5349 352.4291
2008_004414 0.9240 386.3092 66.7888 431.3762 82.4914
2008_004414 0.8698 423.4228 66.5190 449.1165 79.0518
2008_004464 0.9804 332.0080 103.8418 376.8606 151.0305
2008_004464 0.6145 9.0792 80.2002 175.1980 394.1895
2008_004502 0.7250 0.0000 85.3670 300.0000 361.7772
2008_004549 0.6891 0.1348 128.8075 55.5098 257.3792
2008_004552 0.9862 252.1285 6.8375 372.1877 125.6582
2008_004552 0.9784 3.5672 2.2040 204.8655 148.0345
2008_004552 0.9106 77.2723 0.0000 357.2554 145.6906
2008_004552 0.7761 179.6184 8.2080 367.0995 127.3257
2008_004613 0.9717 476.2845 211.4370 500.0000 263.7818
2008_004613 0.8895 13.4843 223.0646 34.4437 267.1765
2008_004614 0.9308 285.9330 276.0269 318.8137 293.0188
2008_004614 0.9140 277.7491 286.2204 461.5269 364.7185
2008_004614 0.8032 386.7689 273.4136 424.9120 290.1151
2008_004614 0.7909 468.2070 271.1745 495.8811 288.8765
2008_004614 0.6999 342.2787 274.0228 378.3925 290.4930
2008_004614 0.6133 0.9232 287.1001 21.7257 308.0945
2008_004630 0.5467 0.6047 250.6253 20.4440 266.2082
2008_004684 0.9551 0.0000 26.4009 466.0000 472.8478
2008_004684 0.8196 5.7926 269.4334 466.0000 493.1672
2008_004711 0.6131 0.0149 3.8037 260.1060 253.8675
2008_004729 0.9257 0.0000 137.0905 72.6947 230.4335
2008_004729 0.8249 340.2694 130.8822 496.4030 229.4614
2008_004758 0.6344 0.0000 134.8426 34.8960 163.7682
2008_004862 0.9739 142.2790 144.7800 248.7367 202.0903
2008_004862 0.9543 0.7894 122.1846 114.1841 298.3453
2008_004862 0.8357 14.0133 129.9549 164.2071 263.8691
2008_004862 0.7727 208.6707 140.2946 282.0081 186.5585
2008_004862 0.7628 54.6437 142.6909 190.8140 242.2122
2008_004862 0.6655 0.0000 193.5412 24.1685 234.3499
2008_004862 0.6095 244.9432 132.8963 287.1723 149.5923
2008_004923 0.8432 6.8396 89.1269 47.6888 114.3899
2008_004955 0.9914 455.4640 159.6951 499.9323 223.9654
2008_004955 0.9759 68.3370 147.7871 434.8950 255.1630
2008_004974 0.5561 174.3876 127.0715 347.5902 248.0096
2008_005032 0.8874 128.2296 129.3983 215.2063 276.6916
2008_005032 0.8642 0.0000 96.3746 149.2612 352.7998
2008_005049 0.6944 468.6712 189.7892 499.7036 285.7988
2008_005054 0.7648 393.8808 81.8373 500.0000 183.6349
2008_005063 0.5280 91.0595 188.0939 500.0000 373.9272
2008_005110 0.7295 196.9464 136.4110 404.4991 290.2147
2008_005139 0.9793 0.0000 114.1071 40.1717 185.7714
2008_005139 0.9685 451.4968 0.0000 500.0000 42.3930
2008_005139 0.9679 19.8232 77.0693 120.7681 152.0837
2008_005139 0.9628 107.6065 109.6756 210.1990 192.6518
2008_005139 0.9548 275.2064 3.5038 335.6605 49.6080
2008_005139 0.9469 257.2776 59.3666 340.1657 158.6375
2008_005139 0.9247 374.6720 3.2874 446.5850 71.6890
2008_005139 0.9198 476.7910 18.3013 500.0000 76.2728
2008_005139 0.8540 397.2805 66.9548 489.5161 134.5814
2008_005139 0.8411 372.3319 117.2000 500.0000 275.1702
2008_005139 0.8273 145.3842 62.9937 230.3055 150.3869
2008_005139 0.7490 410.7047 106.7114 499.3299 174.0092
2008_005166 0.7953 454.8855 89.3459 480.1664 99.2197
2008_005245 0.8442 236.9526 142.1870 324.2740 178.5894
2008_005245 0.7177 1.3271 135.3806 131.9977 177.2559
2008_005255 0.9868 65.7445 182.9024 150.2708 214.7264
2008_005277 0.9237 199.5933 374.7987 223.6932 394.1807
2008_005316 0.9830 63.0017 209.5355 186.8187 271.9585
2008_005316 0.9808 239.8293 233.3567 303.1597 276.6637
2008_005319 0.6108 6.1694 189.5384 197.1176 334.5836
2008_005360 0.5297 423.4281 53.8708 480.0000 272.6561
2008_005373 0.7407 0.5470 174.0310 23.7280 194.1288
2008_005404 0.6900 195.8871 41.7725 488.5821 321.4879
2008_005446 0.9497 455.6834 209.3185 499.6068 233.2508
2008_005472 0.9905 378.5469 139.3618 484.8290 177.4881
2008_005548 0.7255 145.8328 95.3502 413.6278 244.5033
2008_005611 0.5283 168.1483 78.3464 493.1847 376.6604
2008_005612 0.6725 1.0762 191.4059 23.8822 233.7522
2008_005638 0.9265 46.8624 133.9984 456.8756 297.7050
2008_005663 0.9583 32.4090 49.1129 408.6322 419.6160
2008_005686 0.9692 0.1634 24.2893 44.7297 133.3759
2008_005686 0.9662 17.6819 27.3525 458.2261 284.8040
2008_005686 0.5652 259.5901 2.0569 288.1780 17.1400
2008_005702 0.6045 332.4919 120.9853 360.5854 138.5586
2008_005721 0.9391 1.2265 210.7055 45.3814 226.9939
2008_005721 0.8761 436.6907 215.8426 455.2563 233.1411
2008_005721 0.5809 50.1415 207.2833 95.3379 226.3714
2008_005768 0.9601 38.0821 256.4189 299.8624 388.1195
2008_005865 0.9695 0.0000 187.5344 185.1382 290.6674
2008_005865 0.9679 28.5301 192.2566 413.8092 331.2699
2008_005865 0.7627 216.6623 191.4588 407.3802 333.1652
2008_005865 0.6220 4.4115 191.9359 278.1190 319.1187
2008_005875 0.7910 52.6957 60.5912 435.5759 278.3266
2008_005889 0.9221 83.2074 250.0883 144.9881 280.1327
2008_005889 0.9211 433.4682 280.0275 500.0000 314.8476
2008_005889 0.8849 136.9171 211.6158 160.6251 228.2217
2008_005889 0.5595 358.1060 232.8418 396.2982 250.4482
2008_005936 0.9801 263.1452 2.9194 464.4310 76.8314
2008_005936 0.9578 199.9050 0.9180 285.4756 42.8405
2008_005936 0.9552 168.8144 16.2518 470.3926 319.2237
2008_005936 0.9418 29.5818 29.8672 380.1868 347.8091
2008_005984 0.8376 0.4344 192.1590 23.5767 214.5174
2008_005989 0.8812 73.7008 121.2219 317.9256 258.0828
2008_005989 0.5194 144.3382 123.1779 391.1773 255.3634
2008_006017 0.9748 0.0000 0.4253 78.2197 93.9332
2008_006037 0.9041 77.6826 178.5560 136.7029 209.8852
2008_006071 0.9815 437.1232 142.5746 483.2220 157.4709
2008_006071 0.5260 312.8907 132.9337 357.7671 150.5215
2008_006082 0.9949 0.0000 322.2352 103.6068 371.9656
2008_006082 0.6337 373.6649 320.3163 434.2014 350.8691
2008_006087 0.7745 357.9099 171.8472 385.1027 187.6599
2008_006222 0.9299 361.8066 231.9815 497.6524 372.7021
2008_006222 0.8792 71.7055 232.0937 96.7521 262.6601
2008_006222 0.7987 304.1299 216.9826 465.5094 340.7353
2008_006240 0.9582 1.1043 26.5287 461.0607 375.0000
2008_006240 0.8679 1.2143 101.3367 233.5503 366.1906
2008_006240 0.6207 0.0000 114.7606 149.5519 375.0000
2008_006254 0.8892 32.1010 181.0933 342.4402 411.4503
2008_006254 0.6839 30.6668 189.9294 172.7944 411.2863
2008_006262 0.5124 0.5155 5.5522 361.3489 241.2078
2008_006275 0.9658 72.3010 150.7790 109.8119 218.5059
2008_006275 0.8982 0.7119 184.6028 20.3650 301.1193
2008_006275 0.8233 20.3630 148.4114 28.8632 159.4278
2008_006275 0.8153 20.2901 147.6260 33.3698 157.8099
2008_006275 0.5786 24.0321 147.5860 34.3615 155.5324
2008_006275 0.5716 3.0164 148.6027 24.1575 161.0437
2008_006310 0.8406 17.2534 264.2369 497.8410 371.3103
2008_006310 0.8158 174.6430 134.7605 226.3934 178.8560
2008_006316 0.9552 320.7185 206.5252 401.4777 264.2301
2008_006316 0.8408 386.0452 209.9504 447.9313 258.1778
2008_006316 0.7541 13.5357 194.0278 199.5742 284.3678
2008_006316 0.6894 256.0787 203.5189 385.9747 263.8537
2008_006382 0.9388 0.5252 159.0221 412.3427 370.2241
2008_006392 0.7932 2.1578 226.7699 93.9409 338.7892
2008_006438 0.9725 1.4393 0.0000 46.4007 81.0457
2008_006438 0.9638 437.2916 51.9476 499.0476 205.5433
2008_006438 0.9523 85.5119 27.1065 395.3335 300.9963
2008_006438 0.9481 97.1064 7.6676 175.4527 72.1588
2008_006438 0.6879 360.5269 13.0840 473.5271 81.9807
2008_006526 0.9534 205.5266 139.9317 246.4694 180.4631
2008_006526 0.8631 82.5383 131.0925 127.3582 154.5939
2008_006526 0.8309 111.4155 133.5382 136.4158 154.8715
2008_006553 0.5243 13.4651 282.0794 41.0929 295.2386
2008_006600 0.9182 418.2164 174.1256 462.5620 198.4214
2008_006642 0.9906 1.0687 131.6234 60.5093 180.8825
2008_006642 0.9817 349.2687 141.2336 499.3841 196.5958
2008_006642 0.9127 217.6089 133.7268 283.2625 186.5676
2008_006642 0.8083 81.2399 128.6972 196.5455 187.9662
2008_006646 0.6097 446.7574 248.4022 499.3283 297.5587
2008_006694 0.8772 7.5485 34.9077 493.3491 401.5177
2008_006714 0.8297 0.1773 50.7030 51.7736 104.7803
2008_006774 0.9943 40.5869 111.4728 456.8987 298.1216
2008_006800 0.8564 73.0308 97.8907 346.1707 239.1297
2008_006800 0.8433 349.8129 77.0164 373.6844 92.3588
2008_006800 0.6228 390.8690 79.7810 400.0000 95.1554
2008_006833 0.9654 380.4724 181.2984 500.0000 367.8958
2008_006833 0.6027 279.0630 183.1789 500.0000 358.7087
2008_006839 0.9932 28.1181 78.3238 108.2313 126.2470
2008_006839 0.7446 111.0617 82.7677 134.1387 106.0610
2008_006844 0.9574 28.7901 179.0622 83.7759 243.7421
2008_006844 0.9542 421.4814 183.2110 499.6939 243.8162
2008_006844 0.8183 0.0914 193.5098 9.9633 240.3234
2008_006844 0.6202 484.0685 174.0414 500.0000 187.2439
2008_006844 0.6027 415.2410 180.6526 455.6065 203.4661
2008_006844 0.5698 72.5624 70.6286 432.5078 363.8939
2008_006885 0.8797 68.5726 57.2158 431.7179 148.4599
2008_006885 0.7114 69.4522 49.9425 293.3262 152.7051
2008_006907 0.7969 116.4246 210.5427 215.9360 252.0105
2008_006907 0.7559 460.4669 243.6167 499.4477 298.5965
2008_006959 0.9098 16.4407 212.5257 117.7119 280.4226
2008_006981 0.5896 0.0000 0.0000 497.2665 361.8754
2008_006986 0.9918 46.1937 103.3022 429.0412 281.0022
2008_006986 0.7906 48.1269 102.6758 303.9884 256.3798
2008_006986 0.7775 189.3275 96.6811 446.2553 254.1211
2008_006989 0.9950 78.8677 113.7364 176.6165 151.8240
2008_006989 0.8711 292.1351 111.7849 339.2804 142.4469
2008_007064 0.9690 413.3392 7.0426 497.6408 84.5534
2008_007064 0.9237 2.7436 46.7566 500.0000 299.8854
2008_007064 0.8783 0.0000 128.0695 390.2475 300.0871
2008_007119 0.7813 81.6828 34.5822 468.9178 367.6331
2008_007133 0.9633 90.0188 291.6254 162.8751 322.2394
2008_007133 0.8240 170.7460 288.7344 212.8617 305.7365
2008_007133 0.6961 64.4259 293.5002 80.9654 304.0261
2008_007163 0.9231 318.1020 0.0000 375.0000 105.1639
2008_007163 0.9074 266.9417 0.0000 340.4412 26.3158
2008_007167 0.9690 209.8521 131.3444 451.0477 234.4830
2008_007171 0.8739 0.0000 170.0867 23.3408 271.2500
2008_007171 0.5113 71.4785 113.8997 377.8615 282.7028
2008_007195 0.5068 6.9211 292.6843 61.9919 346.7038
2008_007214 0.8886 10.3196 80.3970 317.3980 236.8602
2008_007225 0.9099 0.9074 316.9707 62.8475 342.9976
2008_007241 0.9722 120.3519 0.0000 500.0000 284.6897
2008_007295 0.9644 47.7068 201.6726 147.9207 252.3101
2008_007295 0.8367 0.0000 153.8729 479.0904 330.4682
2008_007314 0.9812 269.8663 301.8848 313.9298 338.5433
2008_007314 0.8828 130.9462 293.5468 201.9427 328.4109
2008_007314 0.8380 212.6863 305.2095 229.9202 317.5651
2008_007314 0.8054 238.4405 304.2912 253.5061 316.7369
2008_007314 0.5943 60.2003 297.4627 79.1581 313.3535
2008_007323 0.8779 268.7483 141.3172 291.5808 152.8080
2008_007352 0.9900 13.8938 201.1967 131.0652 235.6817
2008_007374 0.5220 479.9877 260.3524 499.2031 314.8597
2008_007389 0.8917 81.0811 122.0323 424.5914 238.9471
2008_007431 0.9961 115.3222 175.5371 254.3850 230.7454
2008_007431 0.9576 286.0337 175.9917 342.8634 205.9388
2008_007466 0.8821 62.0534 163.9058 417.5841 284.8376
2008_007478 0.7548 353.4950 60.7118 390.6486 122.3142
2008_007488 0.9791 453.0953 244.1483 500.0000 323.0362
2008_007488 0.9474 446.0246 233.0003 496.4306 259.5631
2008_007488 0.9100 2.4853 202.8533 46.3869 283.1189
2008_007488 0.7969 412.0748 240.6797 449.0474 291.0910
2008_007529 0.9504 14.3637 9.2114 266.6593 204.8600
2008_007534 0.7925 465.5667 48.2378 499.4141 73.7791
2008_007534 0.7507 453.1659 55.4043 481.2297 73.4281
2008_007558 0.7676 414.2852 180.1626 497.0540 375.0000
2008_007558 0.5857 0.0000 1.9501 166.6465 264.4369
2008_007595 0.9568 246.5046 237.7339 373.7961 418.0542
2008_007595 0.8986 92.6222 331.2615 130.8082 360.8391
2008_007595 0.8220 222.9244 246.4943 356.6319 384.1768
2008_007595 0.5631 238.7101 244.7583 325.4864 370.6484
2008_007595 0.5161 260.1682 239.6232 341.9749 358.3005
2008_007618 0.5019 490.7662 117.3201 500.0000 128.1947
2008_007739 0.9887 1.1576 148.2441 78.9006 374.0670
2008_007739 0.9198 407.7341 102.3749 498.1908 252.3590
2008_007791 0.9938 40.2396 135.0308 227.5007 232.1034
2008_007791 0.9700 220.2942 140.7166 447.4163 238.0809
2008_007793 0.7329 32.4787 190.7072 500.0000 346.0675
2008_007804 0.9897 133.0741 214.5702 497.2895 361.1477
2008_007804 0.9400 182.5524 199.1499 288.5964 238.8704
2008_007804 0.9095 156.2543 202.8400 186.8976 227.8361
2008_007804 0.8572 128.8159 200.4998 151.0220 210.9101
2008_007804 0.6311 317.3600 201.1636 335.9885 212.5924
2008_007872 0.9271 21.4718 277.2545 263.8094 371.3678
2008_007981 0.9805 20.1458 58.6631 489.7399 296.0252
2008_007981 0.6216 8.3698 41.4991 322.2436 307.2778
2008_008001 0.9849 423.9281 200.9795 498.4948 257.9293
2008_008024 0.7253 28.2861 4.6896 305.4688 142.9355
2008_008040 0.8463 424.4873 157.5086 448.3358 171.3385
2008_008127 0.7190 203.3582 114.8345 245.9181 143.1010
2008_008127 0.5510 409.5401 114.9168 432.6934 128.3793
2008_008141 0.9569 109.3164 158.5314 172.5423 191.5784
2008_008177 0.8036 404.6598 122.8081 496.6527 172.3260
2008_008210 0.9671 354.6515 139.7426 458.6213 177.0178
2008_008210 0.9522 33.7456 151.7237 64.4441 173.4004
2008_008210 0.9109 84.7709 150.4275 106.8701 164.5641
2008_008210 0.8754 59.9070 152.3300 81.4018 168.4978
2008_008210 0.8134 110.1311 151.8214 129.6543 162.8015
2008_008224 0.6159 0.0000 324.1263 114.3288 367.5345
2008_008246 0.9687 2.7381 120.6973 171.9702 224.0424
2008_008501 0.6948 153.8792 155.2984 272.3644 228.8132
2008_008659 0.5771 137.1448 254.3056 162.3691 272.6322
2008_008662 0.9418 36.1594 26.4455 92.2643 54.7149
2008_008679 0.9782 405.7232 244.3119 499.2940 356.4866
2008_008679 0.9736 345.4591 252.9115 433.9597 317.1849
2008_008679 0.9689 101.2296 256.0836 155.8686 298.1159
2008_008679 0.9471 288.9391 260.5092 327.6843 286.0897
2008_008679 0.7640 0.0779 242.1126 112.2461 320.8334
2008_008679 0.6711 220.3960 258.8218 232.9911 269.3500
2008_008679 0.6527 279.0512 259.0657 299.3496 277.8723
2008_008679 0.5751 280.4870 259.4531 316.9222 281.3886
2008_008679 0.5033 217.8132 260.4031 230.3138 270.4063
2008_008726 0.8848 138.9055 122.4846 179.8801 140.8359
2009_000011 0.7271 446.3934 228.4118 466.5032 240.1729
2009_000060 0.9201 475.5320 180.5039 500.0000 233.2766
2009_000084 0.5966 3.9342 140.3001 500.0000 328.9791
2009_000089 0.9004 1.0511 199.3188 79.3520 294.1261
2009_000097 0.9900 411.7409 154.0695 470.3056 177.9100
2009_000097 0.9605 38.1169 161.4359 132.2851 196.8530
2009_000097 0.8478 464.0923 156.7127 494.9549 175.9027
2009_000165 0.9744 134.9512 140.8545 254.0871 217.5776
2009_000169 0.8669 240.6981 51.3973 321.2834 76.9095
2009_000225 0.9736 52.1993 235.0021 107.5326 266.8711
2009_000225 0.7458 27.0117 239.4625 58.4611 266.5681
2009_000225 0.7174 0.0000 228.5029 27.7490 262.1608
2009_000225 0.7100 154.3924 243.5199 211.7315 271.2234
2009_000225 0.6868 12.2717 232.6254 57.1103 266.0622
2009_000225 0.6804 152.8541 244.2172 185.2673 269.9030
2009_000225 0.6303 333.8462 257.0436 370.0386 277.8417
2009_000225 0.5298 62.4647 233.5787 144.1189 267.7208
2009_000276 0.8026 435.5424 287.7213 496.0920 362.3879
2009_000283 0.8087 0.0970 72.1322 30.7121 97.1011
2009_000288 0.9505 116.9318 34.2438 389.6516 298.2310
2009_000288 0.7941 448.6916 70.4478 474.7067 148.2788
2009_000288 0.5512 136.0782 77.2565 164.6603 102.5556
2009_000335 0.9594 413.6682 187.5732 499.2830 255.2690
2009_000378 0.7624 12.2041 18.3092 261.7124 338.6420
2009_000378 0.5792 20.2578 7.4953 484.1323 374.9276
2009_000399 0.9439 113.5191 106.6712 447.6153 257.2657
2009_000402 0.5533 11.3726 3.1986 456.1523 182.8093
2009_000457 0.9832 331.6922 123.5615 500.0000 207.1540
2009_000461 0.9547 370.9923 140.5746 457.1992 171.7906
2009_000523 0.9603 10.2255 148.0012 375.0000 484.2396
2009_000542 0.9912 50.5511 202.3086 400.6210 354.1486
2009_000542 0.9028 44.2530 203.2181 190.8683 261.9785
2009_000542 0.8602 100.6703 186.2858 156.3053 201.5696
2009_000631 0.8644 63.0568 0.0000 466.0520 231.5270
2009_000683 0.9586 73.3870 195.1511 138.3075 237.7049
2009_000683 0.8487 186.3992 194.3988 204.8553 234.2494
2009_000683 0.7526 480.1573 205.1301 499.7367 226.9586
2009_000683 0.5700 195.6593 87.7498 438.1387 260.1028
2009_000726 0.9374 430.4446 133.8693 500.0000 224.6916
2009_000726 0.6450 0.5622 121.1021 111.4421 238.5743
2009_000726 0.5136 44.3540 94.5777 449.4720 258.5029
2009_000732 0.7841 279.6327 0.0000 336.0000 82.7787
2009_000732 0.7729 310.4192 0.2735 336.0000 84.9249
2009_000741 0.9627 20.9428 31.8420 500.0000 375.0000
2009_000741 0.9550 409.2189 52.2860 499.9247 136.2854
2009_000821 0.9479 21.1194 4.0466 406.4728 286.6361
2009_000825 0.9465 121.1265 122.6971 369.4744 248.7868
2009_000825 0.6306 73.3867 128.9007 400.0225 293.3131
2009_000886 0.9866 437.5746 208.5062 498.1119 270.9513
2009_000886 0.9730 376.0186 189.5300 447.6713 252.6799
2009_000886 0.9126 65.4324 169.1224 87.0132 184.7014
2009_000886 0.8815 80.5583 171.7983 99.0767 188.6112
2009_000886 0.7115 23.0763 165.3407 43.3408 176.1676
2009_000904 0.9684 275.8400 180.9618 298.5456 196.0066
2009_000948 0.9476 139.3364 120.3917 443.3889 231.1015
2009_000948 0.6309 271.5896 98.2348 307.9270 116.7035
2009_000954 0.9809 254.9418 297.1889 291.5025 332.7176
2009_001026 0.6920 404.8833 123.3075 431.0887 144.2346
2009_001044 0.8846 0.0000 136.7912 62.3927 154.8107
2009_001044 0.8078 458.0364 143.1095 499.5161 160.3445
2009_001083 0.9287 316.2873 159.2821 348.5471 210.7704
2009_001097 0.9904 57.7212 9.9671 217.0209 61.4848
2009_001097 0.9829 224.3673 1.0015 309.7063 24.8995
2009_001097 0.9623 91.5877 49.9632 440.8934 239.5362
2009_001113 0.8523 397.9689 131.8268 420.9653 143.7039
2009_001134 0.8145 0.0000 126.4191 151.3291 191.5299
2009_001166 0.6934 0.0000 0.0000 498.9420 268.1087
2009_001240 0.9860 0.0000 228.1219 216.7025 334.4799
2009_001259 0.8105 474.4041 40.6178 498.0457 51.0303
2009_001320 0.8935 10.3277 34.2726 500.0000 341.6042
2009_001426 0.5144 466.0226 69.0666 499.0237 101.6333
2009_001519 0.9691 367.9940 230.3575 393.6791 246.0952
2009_001519 0.9343 0.0000 187.3219 134.3548 330.1475
2009_001519 0.6663 403.1360 223.0546 413.8693 241.6862
2009_001519 0.5910 398.7893 225.5670 412.2615 241.5327
2009_001591 0.9644 9.9622 281.7150 320.0011 443.6200
2009_001675 0.8025 0.0000 162.5844 76.2872 322.8065
2009_001767 0.9562 138.2316 110.0029 318.8762 212.0095
2009_001804 0.8282 32.2237 166.0061 59.2674 193.3656
2009_001804 0.6283 480.2833 187.3979 493.9106 206.9333
2009_001811 0.9629 0.7841 190.5135 100.8874 277.3264
2009_001811 0.9258 484.3343 231.0005 499.4686 272.0208
2009_001811 0.7637 63.0643 170.6591 101.2039 188.5052
2009_001811 0.7152 1.5278 260.6776 41.5653 358.4218
2009_001811 0.6970 94.9582 176.1449 115.2778 194.4953
2009_001811 0.5439 36.9919 184.9341 101.8361 211.6285
2009_001820 0.7506 60.2654 131.0352 102.8706 148.2915
2009_001820 0.6812 251.6067 115.1193 293.8667 130.3242
2009_001823 0.5260 79.1928 154.1135 111.2914 168.7645
2009_001854 0.6472 387.8996 213.8562 402.0862 222.4312
2009_001945 0.9597 66.7858 137.3837 141.2914 178.1408
2009_001945 0.8025 6.6338 158.3194 328.3279 490.9088
2009_001965 0.5697 4.8363 0.0000 447.8254 289.8672
2009_001984 0.5838 40.0166 0.0000 370.3862 116.9630
2009_001988 0.9733 0.0000 167.5507 26.0817 203.1966
2009_001988 0.9603 18.1007 113.2732 468.9089 292.5660
2009_001988 0.8223 311.3665 146.0813 381.4307 171.4419
2009_001988 0.8072 23.9416 118.4562 308.4694 275.4053
2009_002001 0.6215 229.1759 444.2831 344.8849 491.7637
2009_002009 0.5404 166.4062 180.1255 200.9215 196.3474
2009_002058 0.6178 0.0000 176.8622 211.4352 480.4353
2009_002073 0.9362 29.2660 78.8014 472.7083 226.7826
2009_002128 0.9878 450.2790 245.1482 479.1909 307.8376
2009_002128 0.9303 20.9700 197.2570 55.2388 249.9360
2009_002128 0.9056 44.7769 187.3199 86.1130 236.3762
2009_002128 0.8616 72.9941 184.1826 155.0146 242.3896
2009_002212 0.6816 117.7384 59.6385 166.4943 92.4010
2009_002238 0.9927 388.6544 196.0781 498.2011 271.1584
2009_002239 0.9585 0.0000 278.3105 98.6574 391.0054
2009_002239 0.8533 0.0000 259.5684 125.7230 342.4636
2009_002239 0.8360 188.3529 173.2810 447.2348 492.2221
2009_002267 0.8318 0.2886 0.7754 313.9764 205.0481
2009_002267 0.7657 104.3068 2.1313 470.1674 197.2872
2009_002295 0.9397 0.0000 370.8959 25.2362 402.3886
2009_002295 0.8785 341.5286 347.9922 372.1891 386.5140
2009_002295 0.5580 356.4926 350.1101 371.4279 387.8070
2009_002380 0.9849 40.4608 37.0219 374.6145 374.2352
2009_002380 0.7583 230.9455 41.1118 372.3220 159.3630
2009_002380 0.5777 149.7998 22.0763 373.4799 443.2331
2009_002380 0.5203 68.2249 37.4584 369.3283 254.1557
2009_002407 0.6138 13.6394 0.0000 324.2728 329.3788
2009_002407 0.5500 148.3767 0.0000 500.0000 321.8106
2009_002407 0.5036 0.0000 0.0000 500.0000 255.1499
2009_002517 0.9744 410.1296 192.7390 500.0000 292.6360
2009_002524 0.8670 385.6858 183.1657 489.5738 219.6402
2009_002570 0.8213 446.0623 168.4183 499.1441 252.7349
2009_002618 0.9406 0.0000 110.6483 188.5573 323.4466
2009_002632 0.9272 133.2835 46.8631 417.3716 255.3646
2009_002638 0.9565 462.5702 207.7576 500.0000 252.9304
2009_002669 0.9483 204.1452 95.9776 305.8287 180.6270
2009_002711 0.9675 0.0000 9.0228 464.8178 277.8450
2009_002711 0.5295 0.0000 2.1855 239.8330 285.4225
2009_002744 0.9281 403.0638 49.8560 497.8822 99.4248
2009_002744 0.9251 288.2116 59.3105 486.7039 230.6521
2009_002806 0.5786 464.4543 109.9866 500.0000 149.8694
2009_002876 0.7490 0.0000 183.4215 16.1683 211.4847
2009_002894 0.9708 0.0000 261.9214 38.8014 384.0306
2009_002894 0.9468 272.4522 245.9805 334.0000 427.5678
2009_002894 0.7226 31.9971 184.8794 328.3947 441.3125
2009_002960 0.9069 0.0000 67.4197 244.9444 309.8448
2009_002960 0.8849 433.6758 103.3706 498.6207 268.7031
2009_002990 0.8845 22.7737 85.8663 479.3284 257.3624
2009_003003 0.6908 18.7182 22.1140 315.2346 223.3459
2009_003018 0.7286 482.8149 148.5975 500.0000 182.6587
2009_003031 0.9388 0.0000 65.0030 463.6367 307.0411
2009_003058 0.7562 77.5980 156.1454 333.0000 370.3437
2009_003126 0.9154 0.0000 183.4184 28.0807 212.9255
2009_003132 0.9956 58.0253 353.6834 246.2095 427.5692
2009_003132 0.8664 223.5841 347.3844 256.0026 360.6993
2009_003132 0.6270 268.4619 345.6071 304.5818 360.3404
2009_003183 0.9887 80.8922 295.4778 187.1342 367.4704
2009_003212 0.9806 40.1998 203.1569 102.5776 251.1658
2009_003212 0.9775 61.9625 204.8913 189.8315 279.9787
2009_003212 0.9325 22.9655 204.2364 55.8295 236.3077
2009_003212 0.7887 22.0656 203.9733 43.3869 235.4848
2009_003212 0.6656 28.7670 202.6867 72.2754 240.1053
2009_003212 0.6636 162.2621 204.8013 464.1479 344.7234
2009_003238 0.9190 290.3988 97.2838 498.6705 251.8871
2009_003255 0.9538 41.3792 39.9508 473.7956 315.0172
2009_003255 0.8933 304.9729 21.6228 500.0000 174.9634
2009_003255 0.8176 23.9091 23.2453 323.4047 322.8558
2009_003255 0.7142 227.0045 3.7080 311.8254 44.6275
2009_003255 0.6711 121.6365 26.2516 482.3883 242.9141
2009_003255 0.6372 90.7423 21.4062 321.8631 107.8055
2009_003269 0.9479 16.8152 2.6587 328.2271 375.0000
2009_003269 0.8614 19.3752 0.0000 500.0000 298.7558
2009_003269 0.6372 0.0000 25.8620 227.4866 362.4995
2009_003269 0.5022 26.6227 133.3898 321.6949 358.7902
2009_003346 0.6334 4.2670 257.7103 47.9253 311.3221
2009_003376 0.9747 50.3799 41.2869 478.1130 313.7072
2009_003376 0.8363 5.2358 42.8923 316.2127 310.8107
2009_003376 0.7933 204.0035 32.9466 491.0215 322.9948
2009_003376 0.6773 278.3443 48.8494 500.0000 161.7388
2009_003387 0.9370 2.0594 95.4839 86.2921 184.1707
2009_003406 0.8908 19.8572 91.6789 417.8499 249.3376
2009_003500 0.9538 66.2300 4.5689 418.0704 325.4424
2009_003549 0.9000 43.9269 52.7294 417.6430 243.6384
2009_003549 0.6907 155.7202 37.4961 468.0748 255.1588
2009_003560 0.7714 263.2136 151.8350 300.7214 176.7646
2009_003566 0.7868 18.3049 192.1593 48.0780 207.3440
2009_003592 0.9481 464.1329 205.7928 499.7741 235.1391
2009_003725 0.8211 124.6133 258.9747 219.8870 293.3675
2009_003725 0.7582 250.6073 253.3448 408.7915 290.2136
2009_003725 0.6350 201.3263 260.4902 264.1857 290.3890
2009_003725 0.6095 144.6113 259.6584 256.4985 292.1416
2009_003781 0.9736 424.7439 170.4647 500.0000 198.4848
2009_003781 0.8499 380.8804 169.3534 434.2386 194.4934
2009_003781 0.6616 64.9392 242.9834 500.0000 327.0485
2009_003802 0.7835 401.3554 45.2604 497.7380 375.0000
2009_003814 0.8874 42.9332 37.3398 429.6423 224.8922
2009_003822 0.8962 463.4725 91.6455 498.9307 145.2438
2009_003879 0.9013 0.0000 1.2378 132.6887 60.4755
2009_003916 0.9229 486.0668 218.7181 500.0000 251.3763
2009_003977 0.9480 110.8999 123.0177 416.9675 315.1386
2009_003977 0.9110 377.7276 160.7411 486.8694 213.5674
2009_004102 0.9461 15.3092 103.2457 149.4932 185.2038
2009_004102 0.9417 29.9571 58.5132 463.8264 306.6644
2009_004163 0.6060 0.0000 416.9642 15.9087 455.2326
2009_004197 0.7179 477.9936 226.9236 500.0000 247.1535
2009_004224 0.9955 0.0000 143.3282 62.6778 226.5577
2009_004224 0.9826 114.3912 118.6646 353.7108 241.5269
2009_004224 0.6438 364.3873 113.8025 499.2753 274.8708
2009_004232 0.9610 0.0000 0.0000 500.0000 359.0118
2009_004232 0.8828 0.0000 1.0739 495.8986 186.4153
2009_004232 0.7782 0.0000 45.7179 208.3815 157.0237
2009_004258 0.7638 0.1346 172.0082 55.4867 190.9739
2009_004272 0.9939 165.3849 71.0993 385.2339 206.0324
2009_004303 0.8359 61.8823 0.0000 407.3336 243.1935
2009_004364 0.9756 137.2771 60.6160 208.9521 106.7130
2009_004364 0.9562 254.1232 56.5361 315.2993 85.3496
2009_004364 0.9364 424.9192 53.8826 500.0000 149.8288
2009_004364 0.8770 195.8530 64.3896 222.8251 83.0330
2009_004364 0.8082 383.2664 66.0340 402.0045 85.0740
2009_004364 0.7943 303.7705 54.2557 389.7578 87.8211
2009_004364 0.7841 457.8085 30.0321 500.0000 68.2061
2009_004436 0.9440 6.6247 65.3023 498.2761 368.9609
2009_004436 0.7676 447.2601 212.4436 499.0092 307.0659
2009_004455 0.9580 0.9511 76.9448 89.0740 136.3263
2009_004455 0.8938 60.0943 67.9915 149.4385 112.4819
2009_004455 0.7489 483.0284 84.9215 498.9459 129.7138
2009_004471 0.9645 39.6990 96.2349 463.8258 285.3615
2009_004471 0.8079 392.6365 135.6045 499.8806 171.2765
2009_004471 0.7717 406.9093 141.1788 499.3063 219.2313
2009_004471 0.5525 54.2830 138.7944 109.2537 159.6469
2009_004494 0.9564 398.0670 5.8830 472.4368 35.3465
2009_004518 0.8143 58.0090 86.5958 97.4173 125.7571
2009_004532 0.7369 393.0180 82.8136 452.4646 115.0267
2009_004543 0.5993 33.9718 60.0194 73.8203 80.0875
2009_004556 0.9536 0.0000 84.7227 500.0000 286.2095
2009_004556 0.6871 9.5499 88.1889 298.0760 287.7688
2009_004567 0.9200 0.0000 182.8379 35.0952 213.2393
2009_004567 0.7285 7.0971 184.5131 42.5936 207.7482
2009_004567 0.6536 4.4119 183.7958 23.0768 215.4977
2009_004567 0.5185 21.7671 190.0359 41.1607 204.9321
2009_004594 0.9865 90.6540 33.1855 395.7278 303.0352
2009_004630 0.9963 41.4596 253.3012 176.5253 300.5650
2009_004630 0.9853 230.9679 253.5209 301.9415 279.8318
2009_004630 0.9714 9.5817 252.0979 91.6263 293.0624
2009_004630 0.9526 0.0000 253.5899 35.1583 283.1147
2009_004630 0.9515 482.1313 251.9684 500.0000 271.4204
2009_004630 0.8904 202.1411 253.0820 241.0193 276.2913
2009_004630 0.8227 307.7548 253.2326 365.1778 282.5312
2009_004630 0.8078 275.4352 249.1611 315.9290 271.7289
2009_004630 0.7573 185.8036 254.4624 219.0189 274.0433
2009_004630 0.6698 185.3534 257.4785 208.8296 273.7755
2009_004630 0.6539 207.4510 249.3234 256.0469 275.2800
2009_004630 0.6148 5.3382 252.7083 69.1505 287.7865
2009_004630 0.5893 351.5533 256.0304 396.7046 282.1248
2009_004748 0.9687 56.5469 102.8522 470.3966 308.0885
2009_004822 0.7206 248.8203 0.0000 497.3330 75.9751
2009_004822 0.5718 4.7914 0.0000 140.7535 85.8787
2009_004867 0.9572 460.0115 178.9368 499.9596 221.3197
2009_004872 0.9755 179.7274 164.5749 253.1646 196.6145
2009_004913 0.9006 14.9810 183.4336 460.9486 322.2070
2009_004933 0.7426 287.2495 29.9254 400.1367 116.4605
2009_004933 0.6219 0.0000 27.8029 107.4647 111.4432
2009_004947 0.6251 356.3688 212.0471 399.2144 236.8297
2009_005025 0.9787 15.7538 88.6607 232.3500 207.4759
2009_005086 0.9819 391.5478 162.8649 498.2359 241.3368
2009_005104 0.8352 55.2521 28.3384 458.2004 307.2602
2009_005185 0.6346 0.0000 217.0803 121.5313 308.0000
2009_005185 0.5528 2.5637 164.4298 207.2783 308.0000
2009_005202 0.9452 0.0000 31.0961 14.9832 75.1951
2009_005217 0.6947 40.8618 193.0564 64.6088 242.0721
2009_005242 0.7553 12.4882 39.3040 404.5256 324.8101
2009_005279 0.8468 474.8505 245.7596 499.8915 278.3462
2009_005279 0.7491 426.9277 257.6019 462.5671 276.6802
2009_005279 0.6920 442.3955 249.3092 500.0000 278.8432
2009_005294 0.9942 320.2574 216.2359 446.6734 296.8991
2009_005294 0.8470 81.5742 210.9695 182.7105 265.1449
2009_005294 0.7175 42.1957 200.5367 343.2420 376.1466
2009_005294 0.5049 78.1899 214.0648 146.3842 265.4421
2010_000035 0.6156 0.0000 1.1762 122.8930 167.0639
2010_000036 0.9792 36.0706 95.2530 468.3420 294.3785
2010_000069 0.5266 39.0746 64.1482 454.4868 335.8929
2010_000160 0.9710 5.6090 40.8171 493.5179 342.2812
2010_000160 0.7616 2.7195 35.7714 137.9353 217.0570
2010_000160 0.5776 5.3812 37.2692 150.6268 93.5292
2010_000160 0.5277 3.7906 54.1669 305.4784 326.3034
2010_000160 0.5203 465.3192 72.1909 499.7476 95.7654
2010_000194 0.9609 189.9696 121.7924 228.5431 142.8313
2010_000194 0.9568 357.6307 118.3524 408.2645 151.9791
2010_000194 0.5201 233.4199 127.4185 257.3659 144.2463
2010_000211 0.7022 51.2763 34.1777 424.9941 317.4695
2010_000246 0.9230 240.4388 38.9713 494.7156 271.0735
2010_000246 0.8617 74.2225 28.7569 479.2740 261.6494
2010_000246 0.6321 12.6075 22.7428 386.8584 235.0174
2010_000279 0.8837 44.3336 30.9467 500.0000 433.5537
2010_000279 0.6857 194.7150 50.1081 500.0000 399.4883
2010_000336 0.8949 0.0000 23.0836 434.8960 363.0391
2010_000336 0.6384 12.9888 135.3559 500.0000 375.0000
2010_000372 0.9192 27.3403 125.2978 432.0000 290.5574
2010_000372 0.8326 292.1095 108.5184 407.8605 146.7127
2010_000372 0.6832 280.5612 113.1660 419.6657 182.1324
2010_000372 0.5787 342.6950 137.2892 432.0000 185.5852
2010_000381 0.9787 25.3273 97.1250 488.9641 274.7032
2010_000381 0.8864 317.1792 100.9609 492.6710 186.5818
2010_000444 0.8903 404.7562 116.0247 460.5972 136.9271
2010_000444 0.7248 388.0276 111.7845 408.8885 131.9153
2010_000493 0.9803 278.4082 158.3755 360.3819 213.9301
2010_000524 0.8688 0.0000 183.2973 46.1929 225.4493
2010_000524 0.7517 464.0420 162.7089 499.0626 183.6179
2010_000526 0.9625 0.0000 0.0000 495.5031 362.4781
2010_000526 0.8284 222.6704 13.2720 491.5533 375.0000
2010_000530 0.9980 153.3872 245.3694 364.1351 345.4492
2010_000530 0.9366 162.7743 204.3667 229.3418 231.9244
2010_000582 0.8498 4.6647 34.4916 419.4233 375.0000
2010_000590 0.9775 248.2070 181.6570 292.7044 205.6492
2010_000590 0.9674 224.6337 182.1806 255.3021 212.8378
2010_000590 0.9312 53.5582 185.0915 94.0222 219.5698
2010_000604 0.9429 44.3994 86.9051 446.6053 285.2339
2010_000604 0.9259 6.6733 27.3656 108.5230 126.4390
2010_000628 0.9849 143.9167 211.3826 309.7766 289.5844
2010_000633 0.7760 470.9976 115.8482 500.0000 134.7238
2010_000682 0.9443 56.8945 120.0665 80.3118 136.2367
2010_000689 0.9325 0.0000 86.1343 64.4303 170.0879
2010_000689 0.6304 30.7470 0.0000 166.4668 72.3077
2010_000695 0.6842 285.1891 26.9293 461.8412 146.8026
2010_000711 0.8918 45.0152 0.1169 494.8402 173.1291
2010_000711 0.6807 44.6023 3.6596 143.0597 162.7567
2010_000744 0.8611 2.2090 0.0000 74.1066 21.1551
2010_000865 0.6509 0.0000 176.1353 13.8582 204.7269
2010_000928 0.9463 198.7407 174.8031 331.5696 221.9469
2010_000947 0.9631 459.4343 218.5281 498.8152 254.7740
2010_000952 0.5860 51.7155 38.8791 490.7594 281.8228
2010_001024 0.6250 147.8902 134.3554 346.8393 324.1248
2010_001080 0.9933 33.1504 123.3054 500.0000 357.7045
2010_001117 0.9862 336.2173 53.7289 496.7400 125.1622
2010_001117 0.9710 68.2526 74.7868 424.6726 274.5038
2010_001117 0.9355 1.3770 58.8052 41.3735 88.1536
2010_001117 0.8269 94.4047 64.8388 158.0327 91.1907
2010_001117 0.8178 61.2696 58.1849 113.1227 89.6930
2010_001163 0.9194 0.0000 288.2368 270.0594 375.9372
2010_001220 0.5700 0.0000 5.6360 496.2202 363.3606
2010_001246 0.9697 425.1147 221.0369 454.4328 246.9176
2010_001251 0.6359 0.0000 115.5005 329.2117 371.5123
2010_001315 0.7956 105.6126 72.2258 425.4679 216.8804
2010_001321 0.9807 191.1275 182.6003 339.7000 255.3416
2010_001321 0.9398 413.8100 193.0289 500.0000 241.3422
2010_001321 0.8869 317.9173 189.8149 423.1666 245.9232
2010_001394 0.9781 26.9439 0.0000 485.0948 350.0248
2010_001394 0.7448 9.4304 19.0133 290.3645 322.3772
2010_001403 0.9859 0.0000 204.0472 108.5574 296.1117
2010_001449 0.9606 5.4888 115.1811 399.6405 350.1263
2010_001453 0.9369 1.3472 187.4686 40.4576 211.6888
2010_001455 0.9612 356.0227 277.3435 375.0000 323.6351
2010_001455 0.9274 164.7725 287.9886 230.1591 308.2778
2010_001536 0.9236 304.7168 267.6584 480.0448 320.2425
2010_001669 0.9488 20.3573 152.2034 74.2603 206.6146
2010_001669 0.6331 18.4414 141.2183 385.4383 375.0000
2010_001685 0.9847 0.3925 1.1884 133.7315 55.7426
2010_001685 0.9688 334.3248 0.2529 498.0847 111.3398
2010_001685 0.9301 132.2488 0.0000 219.6878 28.7708
2010_001685 0.8261 146.9879 18.6177 483.3849 331.1610
2010_001685 0.8249 229.3192 0.0000 300.6841 20.8530
2010_001767 0.7871 4.9037 43.1071 142.2177 120.8176
2010_001767 0.7070 489.7744 97.1140 499.9537 115.9546
2010_001788 0.5167 22.9203 212.7703 35.6927 228.2963
2010_001821 0.9830 284.3186 273.6229 439.9901 365.3336
2010_001821 0.9335 483.9253 303.3539 500.0000 363.4674
2010_001821 0.9043 429.8079 283.3100 489.8753 298.2392
2010_001828 0.8070 0.0000 40.9442 342.0122 286.2088
2010_001892 0.9145 481.4393 115.5903 499.2498 151.2484
2010_001893 0.9513 93.1256 120.8710 404.4111 240.4495
2010_001929 0.9710 0.0000 0.7477 258.3676 292.1223
2010_001929 0.9312 0.0000 0.0000 292.0094 177.5821
2010_001929 0.6532 0.0000 0.0000 457.9425 361.9006
2010_001954 0.7496 140.6310 35.3494 415.6594 236.4627
2010_001966 0.9838 55.2785 247.9622 95.1775 274.6259
2010_001998 0.9911 47.3747 111.0204 460.5320 281.8604
2010_001998 0.6666 423.8884 105.7558 495.8880 157.3845
2010_001998 0.6350 399.1367 103.8223 446.7091 138.4732
2010_002017 0.7010 331.0003 58.3836 500.0000 213.1096
2010_002046 0.9282 289.1646 118.2377 432.1425 166.5777
2010_002046 0.8786 81.9980 120.9063 195.5318 166.0846
2010_002048 0.9801 107.6236 132.4928 453.3717 269.4836
2010_002175 0.8147 79.7598 299.0985 330.8957 458.7463
2010_002187 0.6456 85.6737 14.6286 318.7525 240.0000
2010_002194 0.7925 177.0991 157.6586 283.1733 192.9208
2010_002194 0.6989 42.7782 163.8425 284.1963 259.0576
2010_002194 0.5280 222.4266 169.9632 284.9823 190.2226
2010_002200 0.5394 381.5768 198.7500 398.1668 208.4146
2010_002279 0.9343 27.0993 4.2748 436.6347 256.3531
2010_002279 0.5185 4.8855 14.8996 270.6667 258.0627
2010_002321 0.7151 473.4958 249.3661 491.3100 310.9031
2010_002357 0.7352 466.6580 112.7449 485.8172 125.8434
2010_002361 0.8954 0.0000 57.4250 489.4946 321.2598
2010_002361 0.6653 14.4809 62.8597 328.9444 342.7168
2010_002361 0.6309 333.8299 79.6966 500.0000 188.1604
2010_002398 0.5238 83.6144 0.0000 499.5556 284.7508
2010_002409 0.9486 285.5276 80.5749 480.0000 257.9458
2010_002409 0.8287 93.3694 88.8640 408.2628 313.3253
2010_002409 0.5363 5.3731 65.3669 162.6380 211.4924
2010_002516 0.9727 79.1128 85.2126 203.4368 156.7894
2010_002516 0.9598 2.5338 88.1792 85.3584 181.6540
2010_002516 0.9355 21.6135 102.1967 403.3715 346.6943
2010_002516 0.9045 199.4567 89.5043 253.5857 109.7318
2010_002516 0.8770 441.1869 106.9722 499.0071 139.0343
2010_002516 0.8637 290.4391 91.4252 391.4173 139.3792
2010_002542 0.7010 443.4351 271.5971 468.7639 280.1938
2010_002546 0.8582 333.5579 166.8291 370.5989 207.3526
2010_002578 0.8907 109.1613 104.6380 481.7308 263.9561
2010_002598 0.8803 0.0000 19.6080 436.4021 316.2065
2010_002790 0.9602 253.9677 84.9898 500.0000 272.8156
2010_002790 0.9540 2.8652 200.5062 61.8802 373.1144
2010_002790 0.7955 101.6448 72.8369 467.4329 344.3654
2010_002793 0.9236 0.9544 49.5840 37.0567 88.3417
2010_002807 0.9729 418.5611 42.6151 490.9385 97.5044
2010_002877 0.7921 0.0000 298.4720 39.0549 336.2665
2010_002902 0.9872 59.0110 39.1792 391.5152 295.2225
2010_002902 0.9606 0.1590 62.5212 70.9614 221.1489
2010_002929 0.8755 0.0000 83.0816 51.5871 121.8745
2010_002929 0.6048 25.0258 72.8722 72.0833 105.8654
2010_002930 0.9628 423.1156 222.7257 460.1085 246.3394
2010_002930 0.7800 0.0000 254.3780 22.3748 300.1493
2010_002930 0.7497 1.1599 224.1376 48.1638 295.6491
2010_002940 0.8447 117.3394 438.6578 139.8040 468.9942
2010_002985 0.9988 211.1474 187.2267 394.1810 269.1615
2010_002985 0.8360 237.9489 175.1810 267.7325 190.1560
2010_002988 0.9272 251.4108 178.6964 480.0690 308.2647
2010_002988 0.8991 150.5216 177.3092 326.8503 275.0393
2010_002988 0.8198 76.7549 172.3130 235.5726 256.8065
2010_002988 0.5917 87.4047 170.2819 313.6079 262.1437
2010_003024 0.9593 45.4819 29.7460 422.2496 318.5123
2010_003120 0.7016 220.9149 93.7928 478.6095 239.9130
2010_003122 0.6318 205.3718 137.5959 227.2809 153.3973
2010_003123 0.9641 212.6886 2.9684 272.7811 52.1905
2010_003123 0.8493 291.6140 0.0000 345.1100 43.7786
2010_003129 0.9785 140.9349 237.6531 500.0000 375.0000
2010_003129 0.9782 5.3385 238.0249 81.1132 294.5263
2010_003129 0.9360 123.7010 230.4996 222.1277 279.6510
2010_003129 0.9028 40.5287 241.6394 186.9949 336.9104
2010_003129 0.8310 0.0000 231.3678 40.9537 267.3310
2010_003129 0.6958 251.3820 197.5706 500.0000 282.3791
2010_003129 0.6684 0.0000 229.3192 48.9107 252.5359
2010_003129 0.6544 65.8235 229.2234 102.3299 246.9171
2010_003129 0.5834 0.0000 236.3910 43.5971 281.0418
2010_003129 0.5389 45.2253 243.2101 239.9223 355.1982
2010_003200 0.6410 39.2582 83.2942 57.9062 103.0776
2010_003200 0.5586 216.5719 99.7634 260.2549 113.8153
2010_003212 0.6886 129.1840 219.9660 345.1756 267.5273
2010_003219 0.6901 27.9475 182.9111 330.7524 437.2395
2010_003219 0.5331 17.0945 172.1481 231.5041 370.6658
2010_003231 0.9777 183.6991 288.7149 368.6112 443.0269
2010_003276 0.9922 40.4758 52.1505 452.3229 325.7439
2010_003293 0.7017 464.1369 163.1318 499.1340 243.7041
2010_003381 0.9851 0.0000 96.2587 500.0000 331.8819
2010_003381 0.7556 203.1007 64.9541 500.0000 316.3005
2010_003385 0.9029 0.0000 65.1611 493.2231 311.5959
2010_003385 0.8180 0.0000 0.9847 470.6107 182.2211
2010_003385 0.7623 16.5568 3.9943 368.6801 272.2010
2010_003446 0.9885 13.8967 102.3426 117.9711 181.9435
2010_003446 0.7932 114.0105 102.3365 213.8452 168.2701
2010_003450 0.8804 0.0000 4.5379 497.9852 281.8098
2010_003453 0.8039 24.5123 50.1243 392.1268 301.8279
2010_003453 0.5591 124.5333 46.6897 459.6556 313.8447
2010_003537 0.9555 14.3125 49.7760 457.3578 319.6009
2010_003537 0.7842 254.7551 38.4128 460.2438 246.5908
2010_003561 0.8749 29.9646 124.8731 333.0000 396.6535
2010_003562 0.9273 490.0771 184.7654 500.0000 211.0796
2010_003562 0.8710 5.5885 173.3978 41.8326 197.1527
2010_003562 0.7666 36.6030 176.0085 69.0227 197.4247
2010_003585 0.9780 134.7557 56.1412 246.0436 105.9982
2010_003585 0.5461 8.5573 38.4767 144.3077 98.4447
2010_003645 0.5346 61.7821 178.4895 107.8501 197.4729
2010_003664 0.9924 67.9745 83.8658 490.4661 270.4367
2010_003664 0.9905 198.0230 47.0946 345.8137 95.4812
2010_003664 0.9757 0.6727 18.3641 19.6607 40.1715
2010_003664 0.9338 367.0687 36.3177 435.8121 61.8229
2010_003729 0.7154 163.1567 13.6905 497.0955 297.9244
2010_003730 0.9402 0.0000 91.4224 451.9684 265.4306
2010_003730 0.5053 236.7446 46.7180 252.7771 55.7788
2010_003744 0.9421 8.9690 0.0000 429.9766 375.0000
2010_003746 0.7747 0.0000 78.3564 132.3762 176.3746
2010_003768 0.9514 0.8356 76.9890 36.0054 98.0588
2010_003807 0.9708 52.6816 147.9404 326.7221 463.1260
2010_003813 0.9939 20.4653 124.4358 492.3045 337.9317
2010_003813 0.5118 382.6524 55.7269 418.3790 76.4299
2010_003854 0.9759 0.0000 23.8639 413.1863 333.0000
2010_003854 0.8025 9.1949 32.0170 423.3266 222.3826
2010_003981 0.9849 12.2131 15.6667 454.0806 322.2389
2010_003981 0.8554 2.6276 40.2076 163.3182 181.5790
2010_003981 0.7241 19.2897 29.7935 383.1216 219.8434
2010_003981 0.5894 337.7163 48.7375 355.7785 62.1276
2010_004021 0.9559 135.8657 60.1602 218.3224 107.9115
2010_004021 0.6830 2.3478 35.0662 199.6736 205.7596
2010_004021 0.5324 17.1688 52.2149 262.7641 221.1718
2010_004027 0.8341 205.3317 253.4276 313.0143 340.0089
2010_004096 0.9298 122.5276 116.8200 482.3270 323.2711
2010_004096 0.5621 231.3124 84.6380 498.1573 317.6177
2010_004228 0.8433 0.4351 0.0000 73.2006 24.1272
2010_004263 0.8723 67.7640 143.8160 129.5668 171.6650
2010_004263 0.8403 13.6610 152.4907 39.3286 163.8445
2010_004291 0.9466 73.1546 120.4694 455.5110 276.0591
2010_004337 0.9285 261.8432 198.3203 289.1330 218.5709
2010_004337 0.8760 287.9798 195.7169 318.3745 218.6799
2010_004348 0.7114 33.7548 46.0735 345.5169 278.3090
2010_004390 0.9344 0.3256 107.7319 488.7340 329.7983
2010_004422 0.7677 356.4572 17.9103 497.1441 214.4098
2010_004422 0.7384 222.9817 0.0000 491.2657 193.4725
2010_004422 0.6135 309.5422 0.0000 497.3208 148.9807
2010_004422 0.5292 411.3598 84.9908 500.0000 206.8708
2010_004439 0.5017 476.3540 166.2070 499.7064 178.0439
2010_004472 0.5338 155.0447 29.5868 494.6696 305.4090
2010_004484 0.7327 92.4591 246.5702 298.1126 330.8154
2010_004533 0.9820 89.2771 81.4219 348.6325 167.7949
2010_004533 0.7337 1.0346 129.4622 92.8724 164.0425
2010_004557 0.8814 336.7524 289.1456 372.7766 303.0361
2010_004557 0.8135 287.0416 289.3522 343.8559 311.7645
2010_004557 0.7509 408.7602 283.4072 439.1587 297.6024
2010_004618 0.9356 247.6471 96.0389 354.0304 246.8779
2010_004618 0.5084 141.8986 85.4403 354.0333 248.4657
2010_004637 0.5959 413.4040 207.2698 435.8106 226.0267
2010_004654 0.5524 28.3457 95.0882 464.0135 274.9500
2010_004661 0.9264 11.1816 156.4658 385.5096 464.9538
2010_004686 0.8631 287.1418 347.8495 355.0000 477.4275
2010_004692 0.9738 2.8027 82.2664 450.3450 353.6852
2010_004692 0.9340 198.4866 12.6754 326.4496 45.2610
2010_004692 0.9186 37.9702 9.7352 88.6254 37.0793
2010_004692 0.8769 0.0000 81.2511 258.5329 351.0961
2010_004697 0.8631 148.8948 90.3582 201.8993 139.6629
2010_004747 0.8841 31.5893 101.8416 476.0597 263.2971
2010_004753 0.9425 40.4317 7.7326 500.0000 256.9825
2010_004785 0.8525 0.0000 81.0893 117.5287 154.0223
2010_004785 0.8194 57.7261 50.4859 108.9305 78.4089
2010_004785 0.7473 61.8253 88.1272 436.0876 302.1158
2010_004785 0.7187 77.7033 52.2048 114.9837 72.6715
2010_004854 0.9969 159.8983 12.2742 286.2635 64.5219
2010_004865 0.9853 47.1849 69.0820 307.6731 221.4699
2010_004877 0.9509 128.6746 119.6743 416.8832 298.9171
2010_004877 0.9045 0.0000 111.3439 124.0611 267.6092
2010_004877 0.5742 24.9648 107.3314 394.1169 328.9324
2010_004877 0.5271 60.2337 127.5126 302.4716 304.4209
2010_004877 0.5073 43.1183 172.9355 108.7574 285.6154
2010_004930 0.9778 105.0768 110.2428 357.1345 272.5725
2010_004930 0.6466 286.3507 122.1080 306.8533 137.9435
2010_004941 0.5845 123.3772 59.2601 167.1553 87.0003
2010_004946 0.6615 23.1717 178.2354 333.0094 432.9039
2010_005000 0.6084 4.1165 237.8936 137.4776 418.7436
2010_005013 0.9907 343.1272 11.3966 492.3952 69.6278
2010_005075 0.9425 4.6946 137.5001 306.0082 346.7795
2010_005075 0.9228 172.8649 128.2529 484.3683 295.2349
2010_005075 0.6852 0.0000 131.7842 67.3262 209.2955
2010_005075 0.6835 37.3044 93.9815 396.8482 328.7914
2010_005075 0.5379 103.4235 66.3723 197.6688 94.1623
2010_005087 0.6200 33.6582 0.0000 490.5782 375.0000
2010_005123 0.7043 66.9471 215.7244 89.5983 232.9200
2010_005136 0.5115 399.7447 0.0000 497.6813 71.0025
2010_005148 0.6482 88.5590 28.1210 477.9597 365.8991
2010_005167 0.9543 0.0000 324.1697 112.0783 372.1445
2010_005226 0.9787 77.0916 149.1022 140.4000 181.6345
2010_005284 0.9717 421.9140 161.8036 475.7145 201.8280
2010_005323 0.9599 17.1384 190.5770 494.7073 322.3068
2010_005432 0.9705 14.6070 70.7179 500.0000 313.0431
2010_005474 0.6543 215.7782 189.1322 343.3636 250.9219
2010_005483 0.5451 12.0811 0.0000 413.5640 320.2967
2010_005501 0.9871 122.7962 3.8400 499.8671 205.7292
2010_005502 0.9851 211.3993 164.8722 270.7505 214.9804
2010_005502 0.5811 291.1300 168.4745 309.3773 178.8617
2010_005502 0.5170 288.6003 169.7862 305.8531 179.7242
2010_005566 0.5742 176.8536 67.4909 197.4025 77.1945
2010_005587 0.7136 29.1335 107.5660 422.2190 343.0355
2010_005625 0.6517 99.6649 9.4807 190.7742 71.8040
2010_005718 0.9518 0.0177 212.8768 19.5794 253.8373
2010_005718 0.7217 20.6822 202.3222 76.9363 234.8721
2010_005733 0.5439 5.9961 113.1899 123.4561 208.3820
2010_005752 0.9306 0.0000 113.6430 344.5726 466.2905
2010_005752 0.7501 0.0000 51.4134 350.3871 365.4823
2010_005817 0.9411 52.9080 117.1316 458.6353 262.9598
2010_005860 0.7873 118.6339 95.2553 455.0723 270.1241
2010_005868 0.9541 43.4993 74.1446 427.1690 299.9442
2010_005907 0.8818 11.6647 28.1199 486.9592 320.6792
2010_005907 0.6992 20.2671 0.3775 436.3884 173.1819
2010_005997 0.5168 265.8245 124.4268 301.1487 147.8793
2010_005997 0.5154 269.1701 117.0246 320.9090 145.9457
2010_006003 0.9063 486.3951 181.2441 500.0000 215.4668
2010_006003 0.7885 182.7327 199.3585 215.0454 245.4443
2010_006051 0.6930 416.0179 52.1346 436.2348 62.4330
2010_006070 0.7749 0.0000 0.5916 165.8395 120.5487
2011_000007 0.7589 66.4060 195.2473 89.1259 220.7298
2011_000034 0.9800 468.6036 159.5772 498.8716 228.6042
2011_000076 0.9755 18.1464 125.8453 240.0000 473.4955
2011_000076 0.6811 3.2235 189.3994 11.0746 213.3552
2011_000076 0.5787 0.0000 189.1660 14.4491 212.3290
2011_000076 0.5486 28.6583 251.5132 238.8094 480.7148
2011_000076 0.5408 6.5255 194.6089 38.7022 213.1207
2011_000086 0.9766 58.1377 125.1756 437.4641 287.3100
2011_000086 0.5030 64.0375 150.9703 145.1693 228.8505
2011_000094 0.9560 334.8916 63.1802 492.8820 165.5475
2011_000094 0.9507 94.4974 55.3262 459.9138 290.7013
2011_000094 0.8860 297.2463 63.9368 378.2192 103.5826
2011_000180 0.5887 412.0008 349.0953 429.2458 359.3132
2011_000239 0.7540 42.9485 176.3482 92.2402 191.8340
2011_000239 0.6994 0.0000 178.3436 38.8803 199.0489
2011_000239 0.5445 73.9997 175.1984 98.6096 191.0168
2011_000248 0.8453 260.4780 92.7649 290.9847 108.3376
2011_000332 0.5105 0.9219 89.2020 400.9780 375.0000
2011_000432 0.9931 162.8049 157.2252 384.4562 332.5466
2011_000503 0.9876 400.1589 246.6490 489.3099 289.3155
2011_000503 0.9794 258.7675 253.2786 395.5680 308.2351
2011_000503 0.9330 0.0000 249.7662 25.9163 287.2144
2011_000503 0.9038 194.5285 277.5252 498.1554 372.2422
2011_000503 0.8481 475.7426 267.9922 499.7105 363.4296
2011_000503 0.8378 19.1247 241.4541 107.8285 313.1859
2011_000512 0.6569 1.1226 183.8709 36.7171 366.4613
2011_000559 0.9832 66.8392 155.0858 96.1499 208.5502
2011_000569 0.8054 0.0000 196.3931 114.7675 293.9819
2011_000658 0.9697 194.1880 313.7304 222.5511 348.1499
2011_000658 0.9451 365.1463 305.3466 493.4558 354.9531
2011_000658 0.6137 365.5788 303.2671 443.9929 352.9342
2011_000785 0.9275 253.0285 79.7418 291.1560 100.5306
2011_000853 0.8768 59.1805 295.6776 93.6979 331.1676
2011_000853 0.8698 3.2220 298.3684 29.1538 323.9621
2011_000853 0.8466 125.1999 298.3139 171.8894 332.1041
2011_000853 0.6129 11.1122 301.2711 27.4177 325.9703
2011_000897 0.9052 2.6291 244.9454 26.8898 262.1871
2011_000897 0.8884 26.2090 244.0962 56.0769 260.3611
2011_000897 0.8818 289.5470 219.6981 376.0337 280.9852
2011_000897 0.8645 198.7697 222.1733 257.3940 273.5390
2011_000900 0.9971 163.6279 75.4374 472.1859 321.2706
2011_000900 0.9533 135.0821 42.3473 241.6632 140.3825
2011_000900 0.9444 437.0746 71.6727 497.9119 126.3830
2011_000900 0.9182 0.1668 49.0860 150.4362 315.4714
2011_000900 0.8950 316.1357 52.4665 419.7884 100.2854
2011_000900 0.6108 465.0304 44.6202 500.0000 67.7238
2011_000900 0.5285 179.9644 48.7758 353.2365 98.1474
2011_001100 0.8954 79.0232 21.0635 500.0000 371.1289
2011_001105 0.8285 436.3760 127.4597 496.0751 156.7258
2011_001105 0.6661 10.6157 121.9565 37.2850 150.5337
2011_001110 0.9917 4.5871 159.1515 228.3185 307.7007
2011_001110 0.9810 119.0159 157.9667 247.0092 209.3374
2011_001110 0.9699 278.7271 165.1698 406.0637 228.7541
2011_001110 0.9201 213.2174 152.5598 287.2845 179.1100
2011_001110 0.9021 0.0000 142.6107 64.4438 165.1061
2011_001110 0.6635 388.3004 164.2301 412.1275 191.0923
2011_001110 0.5838 484.0334 166.2888 498.5299 193.3943
2011_001110 0.5667 74.9042 142.2514 123.2051 166.3258
2011_001110 0.5006 360.6413 153.1043 402.4476 170.2110
2011_001126 0.6743 200.2826 186.3529 248.8436 200.6790
2011_001190 0.8952 71.1708 271.1357 88.3302 284.7225
2011_001190 0.7492 46.2711 269.1362 64.6740 283.4249
2011_001260 0.9872 348.7314 132.2661 500.0000 249.0689
2011_001260 0.9847 0.0000 144.8784 103.3421 310.8233
2011_001260 0.9535 258.6790 103.9968 350.1143 147.1644
2011_001260 0.9387 360.8089 117.1779 497.2434 161.6640
2011_001260 0.8253 143.8972 117.6773 363.2894 304.8887
2011_001260 0.7803 88.2644 136.8865 315.0325 307.1013
2011_001260 0.7062 232.7413 118.2610 367.5584 303.5624
2011_001260 0.6037 366.0005 128.8023 489.9675 172.4483
2011_001261 0.9899 0.0000 43.4369 43.2644 129.6106
2011_001261 0.9824 52.6496 62.7687 454.2881 281.8018
2011_001261 0.8285 200.5909 68.6071 460.7665 291.7134
2011_001271 0.9708 283.4434 164.9356 500.0000 256.9996
2011_001271 0.9485 1.8223 179.2530 171.2747 276.4980
2011_001271 0.8354 166.7955 186.6437 205.1744 232.6918
2011_001311 0.9788 2.1552 56.0705 105.9931 209.1805
2011_001311 0.9600 121.4612 87.1582 372.5222 262.3292
2011_001311 0.5043 472.1508 113.2620 498.7981 174.0271
2011_001313 0.9674 225.7978 362.3642 289.9166 375.0000
2011_001313 0.9076 398.2170 361.8403 500.0000 374.9497
2011_001313 0.7539 100.4594 361.5480 141.6315 374.5065
2011_001313 0.6860 229.9704 360.1085 287.4043 371.8372
2011_001313 0.5943 0.2141 358.7173 33.0239 373.0837
2011_001313 0.5817 25.1328 358.7179 68.0811 374.0768
2011_001406 0.9939 0.0000 364.9115 40.6056 398.2252
2011_001406 0.7090 0.0000 432.6744 33.9487 495.3062
2011_001530 0.9409 131.4832 0.0000 500.0000 377.0000
2011_001530 0.7069 264.3300 0.0000 496.9434 357.4546
2011_001535 0.9084 197.5120 89.5363 216.4060 104.2243
2011_001535 0.8639 130.6361 92.7569 172.8899 136.0443
2011_001596 0.9489 25.2762 164.9799 78.8520 187.3607
2011_001596 0.9470 327.7283 170.1712 386.4095 193.0309
2011_001596 0.6819 1.2025 164.8996 26.2160 187.1588
2011_001641 0.6626 0.5611 86.3459 348.0000 399.0447
2011_001669 0.9686 334.4723 239.2129 356.9583 256.3907
2011_001747 0.8342 22.3764 158.7364 99.3247 204.5063
2011_001801 0.9140 27.4820 181.7944 108.4167 239.2482
2011_001837 0.5688 276.2607 119.5218 297.2398 138.1833
2011_001966 0.8207 294.6147 212.8814 354.3235 259.6853
2011_001982 0.9582 43.2055 112.8138 455.6828 303.5634
2011_002002 0.9377 431.5889 68.1932 470.0651 87.4072
2011_002019 0.8306 56.8345 0.0000 500.0000 244.5150
2011_002019 0.6718 172.9150 0.0000 487.3056 342.3436
2011_002021 0.7065 395.4953 140.1604 495.4395 214.9351
2011_002033 0.5405 80.6906 189.6854 273.3957 327.9532
2011_002064 0.9489 367.1539 66.0393 499.4660 135.1456
2011_002064 0.7358 72.9211 82.3817 125.9549 119.3226
2011_002064 0.6523 77.1220 81.3731 156.2957 122.1377
2011_002174 0.9510 341.3202 321.4248 381.1173 359.3125
2011_002174 0.9290 362.8725 318.5204 407.2814 346.9888
2011_002174 0.9120 233.3998 305.0781 326.4185 365.7772
2011_002174 0.9012 313.2435 319.4695 345.0138 364.9865
2011_002174 0.8748 444.9498 314.4234 499.1080 370.7117
2011_002174 0.8403 391.5464 314.9544 431.9452 341.5370
2011_002174 0.7762 350.5176 318.9695 394.5853 351.9332
2011_002174 0.7490 406.2314 317.9634 435.5501 340.5334
2011_002174 0.6931 425.0292 316.2162 451.9898 337.4695
2011_002174 0.5476 0.6836 327.3851 11.7341 375.0000
2011_002215 0.9635 201.8357 278.4264 292.8988 323.6035
2011_002215 0.9628 126.8427 290.4202 273.6656 373.2002
2011_002215 0.9014 3.2131 268.1175 178.8372 369.0448
2011_002223 0.5651 246.7321 107.8200 304.7447 127.0658
2011_002234 0.9896 20.8410 70.7976 481.6536 299.2660
2011_002234 0.9604 14.1366 69.7108 313.9223 286.1694
2011_002234 0.9029 183.6794 82.8416 500.0000 317.6372
2011_002280 0.5447 298.2571 252.8008 332.1985 281.8889
2011_002322 0.9602 10.4464 0.0000 344.2513 130.9291
2011_002366 0.8409 59.8893 55.6952 346.0515 137.3828
2011_002384 0.9692 300.4593 218.3357 497.9318 316.9308
2011_002384 0.9291 432.7878 208.5416 497.7064 252.7973
2011_002536 0.9388 260.3824 272.3937 349.8211 306.7549
2011_002592 0.9661 47.3680 61.5181 476.4860 341.1621
2011_002592 0.6860 85.5703 29.5726 368.3304 176.0262
2011_002592 0.5505 53.7284 37.7131 422.7603 241.4457
2011_002624 0.5817 4.0365 303.5344 85.4318 375.0000
2011_002629 0.9639 467.2252 197.5988 500.0000 244.2733
2011_002725 0.6012 57.9747 313.3571 241.6223 480.5859
2011_002751 0.5186 473.0388 162.6434 499.5932 228.0240
2011_002784 0.6308 81.6421 118.1790 152.1903 139.4731
2011_002784 0.5931 2.1862 300.9614 26.5576 336.1128
2011_002796 0.9412 75.9153 69.3725 158.0926 135.2724
2011_002796 0.6619 202.8517 69.5068 221.4339 87.8428
2011_002796 0.5405 267.0913 83.5110 500.0000 358.0758
2011_002812 0.9811 4.1425 156.1852 121.7086 221.3537
2011_002925 0.9796 266.5708 275.2866 314.4145 296.2437
2011_002925 0.9357 298.6423 362.9219 372.4308 463.4682
2011_002944 0.7948 46.2729 155.3814 67.3692 166.6823
2011_002944 0.6777 88.5567 154.5649 116.5073 166.6474
2011_002944 0.5406 262.9192 3.3462 495.8785 358.3104
2011_003019 0.8332 130.4698 0.1231 331.1999 55.8524
2011_003027 0.7095 65.6709 1.5907 497.7728 237.5914
2011_003027 0.5190 12.6979 11.8199 489.1154 341.8649
2011_003029 0.9635 26.8354 27.3441 486.7295 359.6967
2011_003029 0.5742 212.7119 42.5368 487.5984 371.8539
2011_003055 0.9065 37.1234 55.7574 485.0135 356.7180
2011_003167 0.7756 342.7639 292.9224 375.0000 339.9187
2011_003176 0.7854 282.9052 216.7088 307.5760 229.4696
2011_003269 0.9953 19.3150 348.3326 309.3098 460.5137
