2008_000056 0.9839 14.2240 3.9105 383.5001 375.0000
2008_000062 0.9949 0.0000 20.3773 476.5650 468.5781
2008_000062 0.7899 1.6989 72.5426 291.7714 463.8178
2008_000062 0.6253 94.1934 18.0897 478.8337 315.5977
2008_000115 0.9954 73.4586 129.0472 453.5937 292.9542
2008_000116 0.9534 14.2778 115.3639 318.3058 319.0308
2008_000182 0.9995 235.7051 329.6180 340.4405 430.8011
2008_000222 0.7717 74.6364 132.5820 461.3430 360.0000
2008_000268 0.5079 319.4456 140.0669 486.7811 328.5785
2008_000270 0.7115 356.6758 205.2970 498.1772 327.8836
2008_000306 0.6937 76.5811 51.8167 361.3576 380.8882
2008_000345 0.9981 176.4064 74.8195 457.8300 347.0000
2008_000358 0.9733 9.7650 38.6760 436.7122 277.6567
2008_000401 0.9967 3.1933 35.6415 356.1387 375.0000
2008_000464 0.9982 164.2730 14.8338 398.8303 322.0098
2008_000536 0.9947 19.8673 6.4814 500.0000 458.0000
2008_000581 0.9955 51.4152 101.8391 257.6694 371.1908
2008_000660 0.9979 45.7622 79.0909 117.3679 188.9478
2008_000670 0.9965 68.3022 70.4928 283.4114 163.6556
2008_000793 0.9592 31.8994 91.8427 225.0247 330.0333
2008_000793 0.8103 182.1813 26.5986 467.9266 325.7911
2008_000839 0.9935 25.3262 10.0847 428.9363 500.0000
2008_000853 0.9826 98.8702 346.6212 189.7887 412.4363
2008_000950 0.9146 240.1200 73.9502 417.7810 305.8172
2008_000950 0.6678 167.0114 73.3877 442.8885 331.1963
2008_001004 0.8613 48.1112 98.1902 378.4225 324.0398
2008_001034 0.7648 151.9132 252.5655 214.9618 331.8580
2008_001078 0.9746 117.3055 96.1971 384.7648 359.5158
2008_001111 0.6073 108.3748 206.9583 201.6014 358.5451
2008_001210 0.9118 112.3779 67.2479 291.0616 338.7277
2008_001210 0.7639 21.3774 78.8749 275.8397 462.6117
2008_001290 0.9918 62.6457 36.4637 332.0000 500.0000
2008_001290 0.6785 173.4747 239.5435 317.0968 492.1414
2008_001350 0.9658 35.0252 43.4629 466.6595 289.6686
2008_001374 0.9870 0.0000 26.2056 465.7753 272.0657
2008_001374 0.9088 68.8850 28.3941 484.5087 193.9034
2008_001433 0.9975 0.0000 12.7452 276.2384 390.6429
2008_001433 0.7712 57.2684 15.1759 426.3814 364.1946
2008_001433 0.5187 28.4644 17.5074 463.8074 220.9105
2008_001436 0.6074 212.9961 0.1146 497.6472 111.3611
2008_001513 0.9419 80.8901 101.8891 459.4332 309.8160
2008_001640 0.9980 147.1697 3.0654 467.9117 202.0547
2008_001792 0.9963 221.1575 111.8977 381.2684 301.8417
2008_001792 0.9913 101.5578 165.4753 233.9476 268.9924
2008_001792 0.5625 76.7302 120.2450 438.0569 338.4528
2008_001885 0.9965 162.8383 44.7931 500.0000 372.7817
2008_002004 0.9848 0.0394 9.1140 361.2798 453.1279
2008_002004 0.9026 5.5979 307.8151 213.4527 476.5382
2008_002004 0.8665 19.5059 308.4590 353.2128 488.4326
2008_002045 0.8269 181.0321 75.4760 490.6775 358.1869
2008_002045 0.7739 5.5071 16.0671 410.8047 302.1918
2008_002152 0.9904 89.3689 79.9423 338.8224 249.5369
2008_002152 0.9058 301.3191 151.7567 436.5630 283.7454
2008_002201 0.9883 205.7878 0.0000 318.4568 368.1101
2008_002201 0.9863 207.7161 8.6437 461.3107 375.0000
2008_002201 0.9473 326.9356 0.0000 488.1971 356.7430
2008_002201 0.8777 145.6552 13.1787 373.9833 375.0000
2008_002234 0.6938 0.0000 0.0000 375.0000 500.0000
2008_002267 0.6172 5.4151 204.9810 359.9350 366.7625
2008_002293 0.8170 40.5380 6.3413 461.7689 337.5434
2008_002298 0.9946 76.8632 157.4459 297.3498 372.3792
2008_002298 0.9686 254.7295 178.1534 463.2024 375.0000
2008_002298 0.5100 167.0019 165.9244 410.3669 375.0000
2008_002410 0.9979 155.9735 210.7836 352.5587 431.5121
2008_002410 0.9920 225.9064 26.7942 356.7954 154.4020
2008_002597 0.9896 20.4536 22.7477 446.8831 356.1457
2008_002623 0.8679 12.8599 332.6282 368.0796 488.2317
2008_002681 0.9914 146.2552 125.1988 322.8944 462.9251
2008_002682 0.9964 141.6674 125.9705 343.2274 406.7289
2008_002766 0.9532 154.1877 0.0000 499.8423 285.4103
2008_002766 0.9502 12.5392 0.0000 487.2992 373.3608
2008_002845 0.9978 29.5407 105.6987 364.1471 346.7861
2008_002899 0.9534 8.7821 35.6733 498.5012 234.6609
2008_003045 0.9945 73.7485 46.4360 409.6531 294.4647
2008_003052 0.9919 17.0358 4.1895 493.1381 305.5705
2008_003052 0.5981 64.2265 3.2104 477.6365 184.2604
2008_003088 0.9957 0.0000 0.0000 410.6609 374.6964
2008_003104 0.9975 64.7547 7.1324 354.0551 481.2800
2008_003104 0.7081 97.4941 141.4770 343.6003 497.8579
2008_003167 0.9960 184.6712 0.0000 450.0060 224.6947
2008_003228 0.8688 0.0000 177.5138 36.7613 322.5871
2008_003232 0.5673 190.6291 98.6356 465.2810 395.7330
2008_003239 0.9298 97.2461 197.9930 157.9737 341.7180
2008_003239 0.9241 45.0446 186.6960 109.3965 351.3936
2008_003239 0.6760 52.0147 187.6437 152.8559 348.6996
2008_003300 0.8350 239.5342 122.2362 376.7527 206.6858
2008_003343 0.9883 51.0192 1.2128 464.8564 351.3647
2008_003420 0.9984 125.4416 35.2969 307.6231 369.8997
2008_003420 0.5208 54.1216 39.0971 363.4220 349.5484
2008_003499 0.9935 94.2052 33.2441 489.2701 353.2473
2008_003519 0.9990 150.9702 55.2069 358.0579 301.8203
2008_003607 0.7879 167.2416 273.9794 276.4136 325.9557
2008_003624 0.9957 39.8399 94.8307 450.6699 344.2711
2008_003624 0.8829 327.4949 130.3033 472.0888 299.3522
2008_003624 0.8441 33.3037 111.2570 301.8139 358.6473
2008_003683 0.9019 215.4958 134.4322 314.8892 363.1158
2008_003704 0.9942 39.1997 0.0000 491.9184 385.2751
2008_003704 0.8044 0.0000 298.1023 165.4630 394.5173
2008_003704 0.7488 57.3503 2.2349 468.7100 236.4476
2008_003704 0.5075 18.1247 118.0693 451.5294 376.3699
2008_003772 0.9827 9.6805 8.2819 482.7433 364.9487
2008_003772 0.9768 147.8505 66.4190 450.6784 367.3358
2008_003772 0.9726 250.0966 104.9615 426.0970 351.9872
2008_003772 0.8894 8.4763 43.0332 312.0157 374.1244
2008_003772 0.8439 228.0216 29.0543 486.8183 355.3215
2008_003932 0.9970 36.1749 0.0000 399.9119 360.6278
2008_004006 0.9730 7.2570 10.8540 468.6683 372.1873
2008_004006 0.9562 203.1651 0.0000 493.6624 246.3610
2008_004006 0.8699 0.0000 115.0739 242.9372 375.0000
2008_004048 0.9978 131.9798 121.9946 321.2732 279.9742
2008_004119 0.9957 14.3782 32.3253 450.8969 316.6786
2008_004155 0.9617 18.3487 32.9464 483.7400 157.7584
2008_004189 0.9759 87.3193 77.1047 366.7166 263.9227
2008_004257 0.9959 0.0000 4.6771 423.2819 496.1660
2008_004290 0.9933 114.9484 72.8609 336.5748 407.3145
2008_004297 0.5113 355.2805 61.7289 418.3289 121.2616
2008_004347 0.9990 0.0000 0.0000 342.4373 483.6030
2008_004374 0.9342 163.4958 60.9593 321.1101 222.8125
2008_004422 0.9634 0.0000 5.2490 399.2131 324.3564
2008_004538 0.9037 125.6188 201.9443 360.5519 485.8151
2008_004540 0.9980 52.7674 158.6419 233.7706 313.5339
2008_004579 0.9984 2.0015 20.4422 284.0342 365.8356
2008_004579 0.9976 201.9038 39.8324 440.5579 354.0906
2008_004579 0.5146 113.6489 17.1896 385.5211 363.7924
2008_004621 0.7461 149.0063 47.4673 341.1973 340.7536
2008_004640 0.9555 5.8423 122.1362 485.7103 271.1350
2008_004688 0.9736 0.0000 18.0467 500.0000 318.2552
2008_004797 0.9675 160.5648 248.1102 326.2283 358.0662
2008_004873 0.9962 79.9312 19.6231 413.6612 326.7322
2008_004873 0.6787 85.3772 3.9435 326.3895 272.2987
2008_004933 0.8996 0.0000 0.0000 483.7144 359.2585
2008_004967 0.9962 189.1794 15.6970 500.0000 375.0000
2008_005003 0.9939 2.1954 6.1653 460.4187 371.7509
2008_005003 0.7606 63.6008 3.8620 443.1343 263.6947
2008_005003 0.5224 0.0000 2.5954 269.2383 375.0000
2008_005061 0.9981 46.8153 19.5754 399.1683 451.9991
2008_005072 0.9906 3.5771 177.9981 265.5379 380.3066
2008_005109 0.9877 80.5408 69.7125 333.0000 395.3371
2008_005123 0.8911 106.5430 61.3761 500.0000 359.7057
2008_005181 0.9903 108.6850 24.7366 184.0156 130.5915
2008_005235 0.9967 112.1283 122.8378 263.1859 382.5154
2008_005252 0.9980 77.4880 128.9271 346.5691 271.0345
2008_005270 0.9919 15.6469 87.7980 484.8947 304.1183
2008_005270 0.6209 278.4804 109.5292 377.9812 164.9596
2008_005288 0.9779 236.6846 23.3919 407.2688 269.3154
2008_005309 0.9888 150.2157 0.0000 478.0625 344.2790
2008_005337 0.9944 101.2564 71.0132 277.2040 254.3446
2008_005337 0.9889 256.3528 112.4755 492.6746 244.1880
2008_005337 0.5022 228.2899 103.1779 385.3276 242.6004
2008_005421 0.9987 1.7779 104.0500 325.2523 282.2260
2008_005460 0.9854 65.3893 6.5929 364.5808 375.0000
2008_005460 0.5843 85.3598 0.0000 380.0534 254.9590
2008_005469 0.9947 0.0000 34.1616 334.9516 482.7283
2008_005469 0.5556 93.1842 27.4731 344.7360 363.5720
2008_005469 0.5009 155.2032 51.9443 355.8557 500.0000
2008_005480 0.9798 69.1516 23.0991 182.2362 173.0000
2008_005510 0.9949 154.5449 136.8407 296.3786 332.6150
2008_005510 0.9852 66.6464 314.5146 236.5006 498.0267
2008_005550 0.9982 176.3479 46.5562 371.4254 300.6651
2008_005566 0.9895 142.7758 178.1359 380.1931 293.2206
2008_005566 0.7117 101.2170 162.7378 405.4295 320.3470
2008_005574 0.9828 45.3436 161.0773 298.7010 471.6687
2008_005614 0.8074 104.7798 216.8078 230.5310 312.9986
2008_005614 0.7042 74.1078 214.3049 223.2746 342.8190
2008_005614 0.5635 40.5672 187.1256 283.5215 462.0813
2008_005657 0.8893 271.8947 238.8417 408.6571 433.2756
2008_005657 0.7724 84.9324 63.0265 399.6078 434.4239
2008_005699 0.9904 9.2581 55.1346 319.8717 466.9812
2008_005699 0.6366 89.2482 60.9727 323.5110 393.7446
2008_005735 0.9951 39.2018 27.7080 281.8885 462.9631
2008_005777 0.9775 67.5167 21.2512 351.7590 242.5282
2008_005805 0.9709 21.2624 13.8163 352.5984 304.4020
2008_005805 0.8855 189.0428 36.0188 496.2881 286.9020
2008_005805 0.5663 0.0000 43.8557 500.0000 320.3838
2008_005805 0.5058 11.0166 5.6431 266.2132 244.0950
2008_005816 0.9676 0.0000 21.7335 500.0000 369.7842
2008_005816 0.8546 6.9951 54.4755 325.0250 364.1764
2008_005857 0.9954 2.8963 77.4937 291.9038 280.6375
2008_005860 0.5197 4.5529 107.7163 285.6172 368.7959
2008_005943 0.9937 30.9120 12.0103 499.5160 374.0408
2008_005977 0.9926 13.1247 27.2074 455.0775 301.9904
2008_006050 0.9950 14.4110 44.4609 440.3720 259.0457
2008_006050 0.8966 3.9485 12.5756 281.3681 275.9612
2008_006050 0.8828 39.4760 24.0973 379.7513 210.1191
2008_006050 0.8084 378.1543 108.4099 484.1064 199.8381
2008_006050 0.5409 125.5846 49.7189 490.2418 228.9848
2008_006068 0.9760 4.7300 162.0278 389.5570 265.6125
2008_006113 0.9788 1.3566 0.0000 390.6718 359.8626
2008_006130 0.9889 298.0566 65.9576 383.4375 233.1829
2008_006175 0.9719 143.1307 17.1577 354.0582 297.3755
2008_006175 0.6449 16.0232 20.5302 370.6299 288.6456
2008_006190 0.9907 62.6004 25.0082 291.3655 194.6342
2008_006218 0.8556 105.0890 36.8182 349.4143 329.0701
2008_006285 0.9952 0.0000 120.2805 219.2958 333.4019
2008_006285 0.9906 90.3410 68.9792 495.1009 333.0591
2008_006285 0.9723 198.2324 5.3141 338.0084 169.1128
2008_006285 0.7208 232.0122 87.4916 500.0000 323.0631
2008_006285 0.5280 27.8087 77.2237 333.1988 331.8505
2008_006307 0.9386 146.5727 116.4653 420.8030 266.1768
2008_006307 0.9363 208.8787 117.9411 321.5694 189.2772
2008_006307 0.9248 45.0959 129.3537 418.8907 288.3354
2008_006307 0.8425 166.7145 118.0396 327.8741 203.5853
2008_006325 0.9986 63.9631 7.3117 436.9626 444.0349
2008_006341 0.9924 47.7501 13.0145 386.2659 200.9451
2008_006347 0.9316 183.2096 65.3571 333.4774 152.4855
2008_006362 0.9728 131.7505 19.4059 487.0190 362.9816
2008_006377 0.9955 151.4899 73.8267 308.6020 334.6172
2008_006377 0.7692 204.3938 99.8446 307.8087 371.2903
2008_006377 0.5669 179.5466 64.1723 364.9596 356.8574
2008_006403 0.8966 148.4027 35.6457 370.8821 324.9550
2008_006449 0.9932 103.9233 0.4632 405.3932 333.0000
2008_006449 0.5268 233.7395 0.0000 479.8203 333.0000
2008_006477 0.8871 4.4833 113.1891 303.5806 391.2607
2008_006480 0.9471 21.6038 0.0000 446.7353 264.6184
2008_006520 0.9770 147.1982 50.7253 385.6786 322.4718
2008_006576 0.9929 82.5291 79.3693 368.7118 288.8379
2008_006609 0.9841 42.2384 67.1130 234.8903 361.9232
2008_006656 0.9645 69.6602 23.8543 498.5168 331.4987
2008_006656 0.9000 0.0000 41.3301 202.1438 210.6329
2008_006716 0.5218 23.2025 33.2950 266.3554 313.0000
2008_006746 0.7827 38.2440 36.5534 356.7221 252.7768
2008_006765 0.9973 127.1240 23.0481 412.0677 369.8875
2008_006781 0.9969 107.4165 10.3507 500.0000 333.0000
2008_006793 0.9965 14.0696 1.6883 400.6637 335.6242
2008_006817 0.9992 213.6236 118.1462 388.2553 215.4331
2008_006817 0.9670 202.1743 106.1697 274.7418 191.5998
2008_006817 0.9154 146.9563 100.0912 212.1848 186.6183
2008_006863 0.7661 182.5354 128.8368 295.0237 306.8464
2008_006956 0.9374 59.8916 59.3850 447.6550 269.8430
2008_006967 0.9981 259.4586 80.8880 410.4320 359.3086
2008_006967 0.9968 108.5101 44.0157 293.7077 242.9930
2008_006967 0.9930 143.7935 50.0765 407.6733 346.8418
2008_006999 0.9949 156.7562 12.6793 422.7013 394.1690
2008_007059 0.9878 37.0539 0.0000 433.0817 358.8384
2008_007086 0.9947 141.9146 60.6151 492.8571 273.4575
2008_007086 0.9735 14.2128 19.3744 299.9783 247.1958
2008_007086 0.6698 77.0143 10.2990 461.6942 240.6457
2008_007086 0.5045 254.2030 86.3260 479.0884 283.0697
2008_007130 0.9694 0.0000 0.0000 500.0000 341.9554
2008_007130 0.7330 221.2897 16.3239 493.9139 326.0348
2008_007130 0.5368 0.0000 3.2628 290.8324 327.2768
2008_007164 0.9883 303.0023 164.4392 376.0743 301.9548
2008_007176 0.9908 85.4376 79.3125 441.7104 242.9883
2008_007176 0.6198 19.9843 10.7574 392.6737 224.5135
2008_007187 0.9510 122.2873 58.3795 372.3722 205.7927
2008_007187 0.6387 119.6990 71.3009 361.6110 313.8993
2008_007216 0.9727 92.4043 50.6736 318.7585 312.8311
2008_007250 0.8750 285.2076 264.0725 372.9417 360.4873
2008_007256 0.9893 100.8625 0.0000 486.3529 375.0000
2008_007269 0.9679 125.9643 29.4776 461.2685 301.8640
2008_007269 0.9628 266.2179 46.8507 461.2070 288.7480
2008_007327 0.9806 22.7990 22.3238 373.9524 444.7352
2008_007327 0.6923 15.3352 6.5969 370.0599 240.7547
2008_007403 0.9935 31.6267 9.9542 280.3829 417.0000
2008_007404 0.9362 41.2924 69.4408 357.6692 281.6883
2008_007404 0.8321 155.1774 75.6071 378.0272 273.4639
2008_007494 0.9947 318.1498 188.3013 500.0000 489.0000
2008_007494 0.7231 14.1120 1.1970 309.9026 489.0000
2008_007548 0.9969 46.0281 137.2080 343.5161 371.1664
2008_007548 0.6865 66.2382 224.9787 341.8600 374.9413
2008_007610 0.9993 228.8858 159.7975 404.6260 278.9000
2008_007610 0.9952 78.1937 50.7193 248.5299 338.0000
2008_007632 0.9749 14.6285 133.0951 232.1521 421.7307
2008_007632 0.8343 15.1745 42.2578 203.5341 346.9174
2008_007632 0.7278 49.2594 209.3432 231.0143 433.6833
2008_007662 0.9854 186.2086 87.1188 339.0600 296.7299
2008_007702 0.9970 7.8564 77.6910 252.6973 400.4659
2008_007736 0.9972 27.8124 76.6521 456.9884 262.2724
2008_007794 0.9971 13.5665 182.4071 313.5479 339.5687
2008_007855 0.9952 4.7286 0.0000 471.6713 413.4473
2008_007855 0.5827 5.3896 57.6614 358.4646 385.1227
2008_007888 0.8952 262.4594 77.2211 500.0000 298.5771
2008_007914 0.9973 128.7752 27.1135 500.0000 302.8525
2008_007964 0.9962 112.0303 81.7775 380.5154 374.2907
2008_007989 0.9905 4.3831 63.0506 250.6976 340.4925
2008_008585 0.9856 204.9530 95.0834 484.3286 365.7043
2009_000002 0.9901 64.9195 198.2874 296.2103 348.1293
2009_000013 0.9851 81.2719 116.4943 248.7012 269.7010
2009_000013 0.7617 228.3812 124.1065 496.4779 272.6945
2009_000080 0.9866 100.8328 52.2795 327.7703 288.3990
2009_000249 0.9462 24.8855 36.7783 402.2263 333.0000
2009_000284 0.9877 59.3977 24.1571 254.1531 496.2043
2009_000293 0.5694 0.0000 13.8939 263.7578 321.0326
2009_000304 0.9939 73.7406 157.3062 367.9968 331.7249
2009_000330 0.9977 73.2869 29.6057 489.3525 500.0000
2009_000342 0.9651 0.0000 93.7456 435.8338 361.4518
2009_000342 0.5714 138.3614 118.7881 469.6175 375.0000
2009_000366 0.9823 130.4830 148.0157 322.5519 336.3051
2009_000466 0.9986 73.0804 23.5310 332.5261 165.7542
2009_000511 0.6979 111.7612 107.2841 500.0000 366.2563
2009_000566 0.9967 230.5655 4.9291 500.0000 480.9033
2009_000614 0.9818 198.3328 18.8178 484.7749 286.6470
2009_000614 0.9599 60.0843 0.0000 409.1880 260.6674
2009_000614 0.7005 30.0185 6.3088 268.9473 248.3928
2009_000614 0.5508 278.6837 0.0000 477.0074 124.5168
2009_000614 0.5098 250.9585 2.5484 478.7204 191.0183
2009_000681 0.9951 13.0519 40.0124 375.6597 304.1552
2009_000716 0.9935 67.3386 46.8756 461.6401 348.6379
2009_000782 0.9928 13.6617 62.2465 304.8649 392.1092
2009_000862 0.9931 113.1719 103.1688 467.4010 308.4779
2009_000955 0.9977 64.6644 0.0000 434.8332 334.0000
2009_000966 0.9925 227.9140 57.3756 391.5798 361.3983
2009_000966 0.9811 129.6770 58.0179 287.8927 299.1825
2009_001008 0.9691 52.5528 54.0259 388.7811 369.9131
2009_001016 0.9863 14.0548 60.1180 439.2059 375.0000
2009_001057 0.9939 0.0000 40.6426 339.1103 329.1674
2009_001094 0.9812 0.0000 0.0000 500.0000 361.8923
2009_001094 0.6317 210.1192 9.3604 493.9093 351.4206
2009_001126 0.9988 281.2427 121.6203 458.5709 308.4032
2009_001126 0.9420 108.0157 63.2120 179.1959 164.6906
2009_001198 0.9650 0.0000 24.4613 495.5230 258.3483
2009_001227 0.9790 0.0000 169.5381 377.3440 328.0476
2009_001227 0.9639 305.3848 26.0329 500.0000 297.5951
2009_001227 0.9394 0.0000 63.4346 498.5143 322.1667
2009_001227 0.8807 194.5219 31.2119 489.5001 313.0201
2009_001227 0.8591 299.1444 28.4037 486.2846 160.8775
2009_001227 0.5983 1.3163 193.7178 262.3979 331.1253
2009_001279 0.9861 146.2812 0.0000 500.0000 273.6451
2009_001348 0.6662 99.8926 44.6188 371.3299 483.0481
2009_001361 0.9928 25.7037 29.2476 426.2748 243.7677
2009_001361 0.9758 188.5811 22.4152 489.3953 282.3308
2009_001391 0.9809 0.2987 105.7860 286.6539 414.6088
2009_001411 0.9923 5.3148 28.8578 188.7416 367.4904
2009_001419 0.9984 148.3554 9.2251 389.3717 330.3240
2009_001470 0.7308 180.9836 126.9210 323.5173 241.3407
2009_001484 0.9873 112.0873 49.2497 496.4251 333.0000
2009_001522 0.9867 126.7343 21.3298 458.6788 286.1166
2009_001562 0.9950 95.7469 37.2586 321.5892 321.1431
2009_001835 0.9872 58.2422 26.6291 375.0000 491.6170
2009_001835 0.5813 75.8311 11.2007 358.1797 338.0467
2009_001906 0.8834 139.7905 69.2550 407.7523 307.7581
2009_001931 0.9814 0.0000 0.0000 329.7410 500.0000
2009_001931 0.7832 6.8858 1.0421 312.8435 296.4315
2009_002008 0.9616 0.0000 45.8924 500.0000 361.6294
2009_002053 0.9922 0.0000 0.9003 423.4203 332.4017
2009_002053 0.9417 136.6217 7.3092 478.5145 325.2656
2009_002053 0.6047 0.0000 100.2418 271.2098 333.0000
2009_002061 0.9938 100.5311 10.7004 500.0000 308.3800
2009_002061 0.9765 0.0000 109.2318 120.7569 343.4018
2009_002061 0.8406 116.8458 4.4287 479.6597 209.5619
2009_002061 0.6685 13.7831 65.6583 308.0690 337.3545
2009_002061 0.6016 2.1386 79.5814 184.8791 339.2833
2009_002141 0.7910 51.6573 0.0000 495.5816 364.2158
2009_002165 0.8205 136.2240 108.6240 352.3778 164.3523
2009_002226 0.5591 42.8848 62.8938 314.8195 282.2709
2009_002228 0.9914 40.1389 22.8174 287.7018 474.4300
2009_002228 0.5549 84.1290 20.3818 263.0347 338.5303
2009_002267 0.9958 239.2862 141.7153 277.7821 214.1454
2009_002268 0.9922 44.9280 236.4057 333.0000 500.0000
2009_002302 0.7601 29.3095 3.5064 424.6347 371.4868
2009_002363 0.9680 77.7013 10.2367 500.0000 287.2768
2009_002470 0.9931 44.4046 57.5153 487.2762 358.1908
2009_002470 0.6320 40.0890 75.8512 335.2724 220.8823
2009_002499 0.9978 114.0292 7.0291 466.0898 343.4525
2009_002500 0.6401 76.0239 13.2453 362.1523 285.8542
2009_002527 0.9952 48.4811 101.5117 311.7670 398.3815
2009_002592 0.9964 44.3782 44.9927 280.7661 432.7741
2009_002667 0.9722 33.1584 196.8134 326.8825 396.1949
2009_002667 0.9256 142.0843 186.8035 322.9337 396.8004
2009_002673 0.9484 121.2401 206.9180 179.3803 240.1183
2009_002739 0.9780 17.9532 0.0000 476.2932 450.0000
2009_002739 0.7337 0.0000 147.9391 432.2566 437.5174
2009_002753 0.9931 11.9219 106.1327 324.5446 355.8169
2009_002803 0.9391 149.2684 40.7466 457.5408 324.9714
2009_002836 0.9567 146.9355 34.6302 369.7227 336.5171
2009_002836 0.7414 150.2874 19.2094 395.0122 178.9819
2009_002837 0.9920 41.8494 0.0000 432.4749 359.5910
2009_002837 0.8324 95.9413 91.9738 490.1093 358.9633
2009_002882 0.5902 0.0000 22.2432 411.7455 368.9636
2009_002898 0.9798 0.0000 39.0458 458.5282 322.5874
2009_002936 0.9973 184.7155 70.9071 317.9088 333.1015
2009_003013 0.9961 22.9351 48.6118 416.8820 358.8186
2009_003070 0.9243 63.6951 7.0411 480.0730 322.5242
2009_003098 0.8726 10.7415 19.4160 245.5536 203.9454
2009_003098 0.6959 238.0902 93.4273 418.6694 218.8060
2009_003129 0.9918 109.7416 65.2279 423.4998 333.0000
2009_003130 0.6109 12.1497 43.9437 392.5147 331.4247
2009_003143 0.9955 3.3733 16.0788 440.6387 477.3470
2009_003194 0.9112 16.4735 30.2701 457.0245 325.9138
2009_003194 0.9072 161.3053 102.5170 441.6979 328.2007
2009_003201 0.9938 31.9090 33.5007 333.0000 409.4247
2009_003262 0.5340 0.0000 38.7576 351.0253 250.7320
2009_003312 0.9859 276.0241 79.2701 497.6821 289.6266
2009_003380 0.9961 64.7558 38.8258 429.8757 420.7747
2009_003415 0.9841 122.3193 79.6128 334.1464 281.0000
2009_003415 0.7430 174.7384 71.2570 302.1436 232.6231
2009_003457 0.8974 92.9415 265.9932 229.1910 335.2227
2009_003457 0.7543 83.6762 254.9332 301.9784 336.8337
2009_003528 0.8491 245.5529 114.1824 315.7564 217.6287
2009_003612 0.8473 22.7239 11.5045 483.7058 343.4203
2009_003612 0.8230 214.0850 7.4311 500.0000 375.0000
2009_003626 0.9937 26.1154 92.3670 292.0496 492.3981
2009_003655 0.9899 98.5144 96.0881 323.6487 500.0000
2009_003698 0.9971 168.7249 0.0000 485.4695 375.0000
2009_003718 0.9806 0.5442 0.8221 325.4953 371.7083
2009_003718 0.9032 97.4449 0.0000 481.1618 303.8067
2009_003771 0.9923 93.6532 105.7448 264.9055 490.9438
2009_003847 0.9968 93.5197 46.1949 500.0000 367.3048
2009_003902 0.6402 2.6705 0.1787 290.9603 287.3525
2009_003904 0.9918 18.3984 178.5635 329.6310 444.5709
2009_003904 0.5847 11.8789 178.2349 223.5011 419.3751
2009_003955 0.9964 6.7179 0.9651 500.0000 343.8425
2009_003992 0.9942 80.1378 19.4976 491.7175 367.8243
2009_004022 0.9863 200.9742 57.1394 492.5893 274.2193
2009_004022 0.9159 23.9009 10.7076 352.0574 254.5677
2009_004022 0.5781 102.2942 45.6148 447.2026 308.7220
2009_004038 0.8426 76.5729 130.3596 333.0000 439.1350
2009_004051 0.9974 89.6250 40.2794 427.5714 360.8109
2009_004099 0.9142 181.9002 83.1549 266.6594 190.9341
2009_004111 0.6650 106.1591 158.3100 327.4203 391.7495
2009_004128 0.9850 175.3082 42.0164 297.6518 337.8891
2009_004150 0.9904 208.4431 177.9039 494.9412 368.7536
2009_004157 0.9985 93.1933 25.1875 500.0000 330.5265
2009_004210 0.9941 84.4099 110.0380 252.3297 293.1005
2009_004248 0.9968 108.9660 29.1722 478.6182 318.9039
2009_004291 0.9833 184.9432 77.6530 417.3263 333.3613
2009_004307 0.9947 118.1355 57.5427 440.4999 335.0593
2009_004382 0.9807 64.8727 3.3030 271.8224 500.0000
2009_004382 0.7927 41.6460 6.3726 290.3199 341.7512
2009_004448 0.9934 8.8577 2.6498 321.3409 477.0206
2009_004456 0.9768 11.6266 26.0054 435.1764 320.0841
2009_004456 0.7865 37.1483 16.8443 493.1924 217.7887
2009_004504 0.9252 38.8769 98.0289 256.1965 464.6410
2009_004529 0.9982 20.2119 31.9385 490.1736 363.7821
2009_004529 0.9849 46.5216 26.5636 309.1221 289.3972
2009_004607 0.9913 62.7127 0.0000 421.4663 333.0000
2009_004648 0.7916 66.6309 89.8237 370.4474 409.3574
2009_004655 0.9916 3.0240 0.0000 498.4053 362.6050
2009_004655 0.5870 228.5374 0.0000 485.3943 353.3244
2009_004655 0.5311 0.0000 136.8368 52.2501 312.8034
2009_004721 0.6584 46.0982 28.8898 489.9759 368.3488
2009_004744 0.8822 116.5045 11.1334 486.6813 303.6422
2009_004796 0.9802 0.0000 23.4265 444.3086 360.6945
2009_004841 0.9946 4.8494 141.2851 296.8122 240.3268
2009_004940 0.9866 108.1864 52.6348 424.6600 241.7911
2009_004971 0.9826 0.4019 58.1731 395.4010 295.5390
2009_005033 0.9852 0.0000 0.0000 351.7840 500.0000
2009_005033 0.6015 3.9403 255.5082 357.0000 478.7175
2009_005033 0.5145 5.4309 0.0000 337.6547 289.6247
2009_005083 0.9969 213.2664 137.0129 284.9307 185.2552
2009_005119 0.9954 120.4281 179.2956 281.6280 322.6940
2009_005158 0.9973 93.4025 71.1224 260.4439 419.3801
2009_005211 0.9973 0.0000 94.7643 370.2939 338.2381
2009_005219 0.9755 105.4452 24.1403 436.2441 354.2467
2009_005219 0.5966 132.0333 30.4223 313.4258 302.3397
2009_005299 0.9636 6.7084 58.3736 500.0000 353.5834
2009_005299 0.7234 128.6698 44.2487 488.3670 296.3488
2010_000001 0.9976 128.6389 9.0391 353.0044 316.2146
2010_000054 0.9804 0.0000 5.0407 469.4207 357.9615
2010_000099 0.9952 30.6120 53.9898 437.5124 366.2372
2010_000118 0.9469 64.9241 25.9983 256.2892 432.9063
2010_000118 0.9197 71.4644 27.0584 229.2323 298.1183
2010_000118 0.9191 68.1614 15.1164 238.5314 200.3994
2010_000163 0.9918 0.0000 0.0000 345.5768 420.0811
2010_000163 0.5517 152.2165 0.0000 343.2148 421.2564
2010_000172 0.9982 328.2050 100.4341 419.6457 263.0046
2010_000172 0.8953 148.4868 126.9498 290.6641 225.1611
2010_000175 0.9930 115.9182 0.0000 436.0031 298.0331
2010_000218 0.9901 3.9972 35.8505 430.6560 323.5116
2010_000218 0.9092 122.3828 79.0069 492.6635 321.5834
2010_000247 0.5658 25.2709 3.0242 432.0201 375.0000
2010_000261 0.9979 133.9938 87.9713 466.5853 500.0000
2010_000291 0.9840 308.6247 58.4652 489.1841 341.7715
2010_000312 0.5177 124.8301 12.9213 500.0000 307.0980
2010_000317 0.9817 125.5593 69.0014 425.5344 285.1092
2010_000374 0.9993 223.9631 25.4519 500.0000 369.4768
2010_000390 0.5017 4.8878 15.3486 362.5104 370.3339
2010_000409 0.9426 0.0000 0.0000 459.0001 313.1206
2010_000442 0.9983 72.8708 12.5294 361.2336 270.9084
2010_000468 0.9972 59.9629 73.1124 190.3845 331.3969
2010_000475 0.5462 16.8923 0.0000 361.1482 296.4138
2010_000497 0.9991 196.9262 42.3137 448.2671 333.0000
2010_000506 0.9873 5.4268 34.5741 367.5660 440.2424
2010_000536 0.9962 2.4545 198.6161 139.5098 339.3040
2010_000536 0.9932 208.3211 41.2049 338.7230 172.2373
2010_000536 0.9847 242.4486 179.5193 364.1571 431.0717
2010_000552 0.9832 96.1961 104.3145 490.4061 363.5711
2010_000552 0.9663 9.2925 65.8635 355.2659 326.9577
2010_000553 0.9905 22.7098 8.7568 500.0000 368.2841
2010_000553 0.8379 216.2460 6.6486 492.4777 362.2605
2010_000553 0.5014 122.6445 4.2365 483.9313 270.9572
2010_000586 0.9594 8.2278 77.4863 491.2961 356.4126
2010_000586 0.7644 9.0446 54.4467 235.2015 359.1761
2010_000602 0.7401 284.3839 190.6199 316.4271 222.1082
2010_000647 0.8069 33.3656 158.7380 280.1774 307.5262
2010_000655 0.9602 9.2603 5.0418 304.1324 281.0000
2010_000665 0.9873 34.5022 138.8714 482.0078 310.5361
2010_000683 0.9893 1.9070 23.4949 340.9207 189.2784
2010_000683 0.9544 7.0488 124.4845 373.1280 327.9896
2010_000683 0.9201 4.9525 129.1041 211.5834 311.8487
2010_000683 0.9039 278.1859 55.6440 488.6606 274.7914
2010_000683 0.8946 22.4285 35.3408 383.2318 287.3814
2010_000683 0.7929 157.3411 48.5502 472.4614 316.8843
2010_000683 0.7653 158.8124 16.6651 339.9745 177.3805
2010_000712 0.9957 58.6102 46.3801 500.0000 361.4990
2010_000724 0.5739 70.3112 54.2920 266.0000 265.2108
2010_000737 0.9958 182.6339 237.8083 371.7243 440.4115
2010_000791 0.9978 26.2133 44.5620 349.2491 368.6337
2010_000828 0.9972 175.8965 119.8433 309.4324 346.7156
2010_000875 0.9987 159.5838 102.7463 325.7283 329.6887
2010_000941 0.9058 0.0000 133.5829 268.7031 484.0681
2010_000948 0.9877 52.4674 23.9918 487.7895 236.4942
2010_000948 0.8332 171.9697 47.6760 492.7882 223.7441
2010_000948 0.7479 8.3214 13.6913 302.9888 193.2918
2010_000968 0.7350 307.5473 216.6562 442.2844 309.7258
2010_000996 0.9963 36.5895 8.7827 290.7144 357.7159
2010_000996 0.9455 20.4429 52.4447 279.6745 485.2207
2010_001021 0.9934 0.0000 0.0000 450.9586 320.7438
2010_001021 0.5735 12.1428 0.7389 388.0019 210.4217
2010_001030 0.9787 78.1298 39.3742 299.6038 475.5720
2010_001030 0.6970 80.4637 204.2396 298.0204 492.0180
2010_001057 0.9990 63.1993 58.1061 302.8817 328.6814
2010_001057 0.9787 236.2844 76.6431 379.4294 236.1775
2010_001057 0.9031 93.8545 65.9987 314.2995 249.2795
2010_001070 0.9929 123.2426 162.8094 267.8456 277.2308
2010_001089 0.9931 0.0000 0.0000 493.9305 321.7029
2010_001089 0.7413 0.0000 0.0000 245.6197 328.7626
2010_001125 0.9873 0.0000 0.0000 368.5713 469.5418
2010_001147 0.9518 29.1383 86.8132 486.6375 270.1360
2010_001149 0.7749 250.7229 262.8002 284.7890 306.0766
2010_001215 0.9969 117.8130 16.7371 466.4733 146.4056
2010_001215 0.8462 108.1919 24.4659 381.6531 113.9111
2010_001215 0.6698 125.9201 19.5162 442.4557 229.0611
2010_001291 0.9821 61.9217 108.1987 336.0000 399.8803
2010_001291 0.9721 3.2393 256.5525 249.2162 459.6381
2010_001291 0.9527 19.0634 184.2057 323.2112 453.2234
2010_001291 0.8488 0.0000 90.5002 272.5976 473.0527
2010_001292 0.9960 1.7352 27.4232 333.6035 412.0000
2010_001331 0.9671 4.3666 100.3029 310.4314 342.7378
2010_001333 0.9936 275.8852 8.8146 437.3824 113.9964
2010_001351 0.9577 250.2668 40.5082 500.0000 263.3729
2010_001382 0.9968 101.2248 105.1712 310.8060 320.7030
2010_001417 0.9959 68.3949 40.8183 330.5755 497.8314
2010_001417 0.5263 106.5527 44.4477 324.3593 269.1452
2010_001452 0.9994 161.0793 82.9721 485.3802 332.0961
2010_001468 0.9867 9.1960 18.1185 462.1446 341.8404
2010_001468 0.7684 5.6809 57.5290 321.8430 338.3353
2010_001468 0.6469 217.3868 4.8282 471.4777 315.0041
2010_001516 0.9772 0.0000 12.5260 398.5755 274.8414
2010_001534 0.9945 1.0900 71.2466 498.8643 368.7256
2010_001534 0.6300 15.6462 122.3113 340.6780 375.0000
2010_001544 0.9984 76.7921 151.9552 323.5623 500.0000
2010_001587 0.9804 127.9160 0.0000 393.5967 334.0000
2010_001637 0.9938 18.4941 0.0000 500.0000 443.2173
2010_001656 0.9969 29.0131 65.1606 304.3751 491.1522
2010_001675 0.8375 3.0021 4.4026 500.0000 320.3890
2010_001679 0.6542 97.8914 28.7812 459.9339 334.6562
2010_001712 0.9881 90.2894 156.2464 323.1459 370.1380
2010_001754 0.9935 219.5054 55.0999 496.7960 271.1129
2010_001754 0.5946 112.7286 56.4265 464.4955 298.2914
2010_001783 0.9894 0.0000 50.0772 500.0000 374.1705
2010_001787 0.9801 31.9485 10.2109 246.2099 486.1354
2010_001827 0.9891 0.0000 0.0000 367.3243 367.2090
2010_001863 0.9922 0.0000 58.5760 347.6103 487.1413
2010_001913 0.9946 304.7539 72.2862 475.9871 221.9195
2010_001913 0.9613 10.0324 181.9372 65.7339 262.2027
2010_001938 0.9919 0.0000 0.0000 448.0000 331.2227
2010_001938 0.7812 147.5023 12.8554 444.5479 304.3802
2010_001968 0.9650 33.4680 59.2252 476.2771 302.6644
2010_002000 0.8775 51.0835 124.5388 221.7958 252.1095
2010_002025 0.9967 18.8521 78.9562 255.4465 251.6697
2010_002025 0.9795 30.2048 133.4155 407.1371 368.2260
2010_002025 0.6108 19.9068 76.8276 306.7658 323.3401
2010_002040 0.9866 22.3935 0.0000 313.1745 488.7046
2010_002040 0.7319 1.5099 5.3698 327.5109 230.6779
2010_002086 0.9964 111.9956 7.1323 420.2731 333.0000
2010_002098 0.9295 92.1291 41.2385 169.9420 173.6234
2010_002113 0.7305 108.5189 30.6908 476.3498 333.0000
2010_002137 0.9980 169.5153 189.1916 286.0579 305.6786
2010_002138 0.9924 89.8190 5.6607 469.8436 284.7971
2010_002138 0.9639 2.2806 0.0000 370.4998 327.2995
2010_002138 0.7362 2.2352 5.4349 214.1376 346.9853
2010_002138 0.5079 117.3511 0.0000 398.7203 234.7958
2010_002146 0.9913 27.9414 173.4272 235.9405 442.0854
2010_002167 0.9940 86.9716 232.4924 375.0000 490.7220
2010_002192 0.9906 0.0000 94.1375 364.5944 359.0000
2010_002224 0.9991 144.2168 56.1124 500.0000 362.4017
2010_002255 0.9144 24.7433 65.0935 321.8826 486.6569
2010_002276 0.6011 340.1519 173.4472 422.0643 217.0909
2010_002303 0.6340 46.7168 12.3999 258.8596 368.6703
2010_002303 0.5926 49.4379 0.0000 232.0694 144.4783
2010_002305 0.6700 0.0000 164.4634 358.6012 317.3745
2010_002307 0.9966 0.0000 0.0000 446.1460 440.3784
2010_002313 0.6684 0.0000 313.0037 130.6387 496.7076
2010_002316 0.9949 181.5630 88.5139 327.9431 278.5699
2010_002348 0.9423 76.3792 10.3382 497.2050 369.9177
2010_002348 0.7509 6.2842 16.0732 324.4569 355.4502
2010_002354 0.9962 64.1436 42.3540 333.0000 500.0000
2010_002354 0.8467 11.0670 29.0483 240.1240 489.1552
2010_002406 0.9963 49.6120 28.5450 442.1059 277.9303
2010_002422 0.9976 28.8337 15.8781 441.5255 366.3154
2010_002448 0.9945 0.0000 41.1801 447.6874 375.0000
2010_002479 0.9816 108.1533 0.0000 465.0000 469.8671
2010_002504 0.9850 42.8001 29.8426 408.3336 313.9108
2010_002512 0.9871 141.2723 64.6786 420.5257 235.6074
2010_002531 0.9941 109.7452 49.5859 400.3883 236.2797
2010_002533 0.9934 8.6400 77.5521 374.7773 328.0680
2010_002533 0.9332 105.6347 85.5549 460.6926 330.5783
2010_002533 0.9110 289.5349 154.4294 447.1571 317.5767
2010_002543 0.9945 0.0784 83.2612 418.9082 233.4211
2010_002586 0.7469 61.8540 173.8559 220.8920 272.8270
2010_002587 0.9937 0.0000 1.5102 451.6664 375.0000
2010_002587 0.7038 2.4098 0.0000 442.0131 223.8657
2010_002601 0.5641 122.3094 90.3203 492.2751 348.7254
2010_002602 0.9973 186.7096 65.6419 361.5318 372.8189
2010_002632 0.7806 191.7424 81.8111 274.2541 156.4225
2010_002645 0.9935 0.0000 44.7104 311.6810 492.5680
2010_002645 0.6059 4.1295 5.9416 323.2044 333.3160
2010_002654 0.6522 28.9359 29.6241 374.7468 343.9493
2010_002676 0.8370 232.4909 154.9651 353.0164 227.7943
2010_002678 0.9989 0.9410 43.7136 485.8811 229.6520
2010_002678 0.7598 123.7538 36.8122 465.5804 271.5157
2010_002678 0.6863 60.2257 54.6988 364.0049 225.8584
2010_002678 0.5559 5.5225 37.3022 324.4038 282.1452
2010_002679 0.5209 0.0000 127.1275 196.1606 495.5411
2010_002693 0.9984 83.9818 141.5429 221.7346 354.7069
2010_002713 0.9543 175.1174 147.2793 280.7245 220.7035
2010_002723 0.9976 303.8616 18.6717 499.3015 247.9016
2010_002723 0.9788 40.3668 59.2097 291.7481 315.4011
2010_002723 0.6353 57.2938 37.5275 391.4505 301.6859
2010_002723 0.5140 129.6744 22.6393 480.7681 286.5833
2010_002741 0.5939 42.0641 81.0590 439.0959 302.7184
2010_002771 0.9952 295.4543 36.5164 500.0000 349.2750
2010_002789 0.8259 3.3041 145.8875 500.0000 367.3149
2010_002789 0.6143 18.0799 141.8613 305.3192 361.0585
2010_002824 0.5263 24.4675 7.7407 418.1349 377.6627
2010_002845 0.9924 40.0805 65.1734 455.0431 344.3090
2010_002876 0.9784 16.9729 17.5870 486.9135 328.8602
2010_002900 0.9813 9.8999 29.7875 462.9364 443.0000
2010_002900 0.6413 183.8633 16.8949 470.1122 424.1021
2010_002963 0.9313 187.1084 160.7929 400.3405 321.8888
2010_002963 0.9124 85.5421 168.6758 389.0993 329.6552
2010_002965 0.9971 145.9310 65.2409 486.3295 310.3094
2010_002965 0.9449 69.4243 123.4624 180.5943 230.3719
2010_002972 0.9091 62.4796 130.4814 295.3695 334.0000
2010_002972 0.8614 0.6061 118.4615 194.5170 329.4583
2010_002972 0.5366 136.3642 122.6853 278.2350 269.9735
2010_002993 0.9898 37.2890 84.2960 392.5904 366.7790
2010_003067 0.9943 178.9825 93.9104 329.5981 258.5817
2010_003133 0.9948 66.6104 30.4882 456.5536 363.7005
2010_003190 0.9365 94.1804 44.5886 453.5737 280.6581
2010_003223 0.9958 39.2735 25.3703 357.8336 487.3504
2010_003232 0.9980 114.7644 163.3507 208.4060 392.6617
2010_003240 0.9486 152.4512 38.5479 497.0901 341.3886
2010_003240 0.8817 11.3566 61.9876 382.1761 346.3603
2010_003249 0.9988 121.3190 18.3647 500.0000 370.6172
2010_003275 0.5146 97.5940 71.7143 353.9660 443.7792
2010_003285 0.7743 30.6192 90.1511 238.8007 488.6382
2010_003299 0.9915 177.0407 16.1242 480.0000 352.9803
2010_003341 0.6072 25.8000 4.9608 478.5219 324.2194
2010_003358 0.9959 128.1843 0.5591 469.8680 326.5493
2010_003402 0.9902 0.0000 46.2589 465.7017 360.4663
2010_003402 0.7522 174.8480 64.9646 469.1144 372.2360
2010_003427 0.9891 60.2646 1.1577 449.7107 274.3842
2010_003451 0.9884 133.3736 20.6703 256.3966 94.8091
2010_003451 0.9793 110.3336 164.9471 365.4964 371.2489
2010_003467 0.6019 0.0000 0.0000 315.9079 421.4213
2010_003468 0.9044 23.8167 55.6296 219.3034 365.1488
2010_003488 0.9775 26.1518 10.5262 479.4424 458.2155
2010_003493 0.9677 79.4004 20.3717 474.6762 364.9698
2010_003497 0.9556 237.8469 111.6076 383.7480 340.3593
2010_003497 0.8947 143.8263 110.7076 272.9485 250.9049
2010_003527 0.9952 111.1981 63.2783 368.0974 315.9142
2010_003569 0.9793 37.9853 64.1736 429.5028 326.7112
2010_003579 0.6618 1.6182 295.6027 154.5368 497.0728
2010_003641 0.9980 20.7078 0.8405 381.5056 324.0382
2010_003659 0.6639 108.6878 251.9668 209.2292 287.7075
2010_003675 0.9530 56.1836 61.7039 353.0472 372.9010
2010_003675 0.7149 81.0302 51.6530 467.6976 344.4749
2010_003687 0.9972 227.0625 174.2914 375.8538 266.6168
2010_003758 0.9946 149.7180 25.2093 346.8663 221.0021
2010_003758 0.5139 154.5555 80.7022 305.4534 224.1837
2010_003764 0.9968 136.5903 33.6150 496.8148 247.2662
2010_003781 0.6216 8.2517 92.2374 250.2206 296.3234
2010_003800 0.9753 220.3353 125.0143 497.7617 332.1860
2010_003805 0.9681 0.0000 46.1592 337.6639 489.2032
2010_003805 0.7032 0.0000 248.5227 326.4984 492.9091
2010_003823 0.9490 51.3092 116.5547 463.2885 229.6222
2010_003863 0.9964 118.2954 0.0000 458.3823 373.7024
2010_003898 0.9979 0.0000 81.0137 380.0118 312.5006
2010_003928 0.9952 8.2944 68.6057 467.3150 286.1482
2010_003943 0.9729 166.1111 5.5617 289.4978 197.2949
2010_003961 0.8593 275.8873 0.0000 500.0000 375.0000
2010_003966 0.8907 0.0000 52.2031 423.7040 336.5848
2010_003966 0.8197 10.4966 2.5132 425.8048 215.5694
2010_003966 0.8059 82.9113 60.6931 494.0351 269.0983
2010_003966 0.7080 0.2507 0.0000 357.1140 119.5060
2010_003966 0.5151 233.8921 86.1195 496.7568 249.2733
2010_003971 0.9979 102.0171 106.0322 277.9286 234.5584
2010_003976 0.9939 135.5230 36.3044 363.5770 375.0000
2010_003988 0.9049 186.3539 97.1479 425.6278 257.0365
2010_004023 0.9919 44.9478 13.8016 417.7635 312.7916
2010_004037 0.9961 0.0000 27.4099 498.2203 325.2121
2010_004037 0.6239 20.5596 5.8779 453.4914 240.7633
2010_004104 0.9947 119.3243 61.7149 424.7773 330.9461
2010_004120 0.9045 21.8934 102.1459 490.4621 304.1321
2010_004120 0.6178 105.2721 107.8352 485.1697 240.7048
2010_004141 0.9939 95.8137 76.2537 233.7624 163.2586
2010_004157 0.9952 0.0000 25.8878 500.0000 291.7913
2010_004157 0.7280 4.6084 19.7143 308.2908 289.4482
2010_004157 0.5893 165.5139 39.3292 500.0000 265.5478
2010_004161 0.8378 31.0207 196.7519 203.1312 418.9398
2010_004209 0.9914 104.8735 107.9601 399.0937 267.5077
2010_004257 0.9969 296.7171 67.5232 500.0000 338.9867
2010_004286 0.9961 229.6145 97.9149 308.8745 275.8830
2010_004286 0.6394 241.9339 178.1012 306.9760 281.5877
2010_004297 0.5026 82.9901 11.7084 222.6433 226.3079
2010_004320 0.9852 129.2858 3.5206 404.3928 317.6424
2010_004320 0.6038 15.3599 0.0000 351.7481 309.5545
2010_004320 0.5418 7.6394 0.0000 206.9683 296.0840
2010_004335 0.9944 197.6965 179.7457 472.0267 334.1194
2010_004369 0.9964 31.4586 103.7880 440.8276 375.0000
2010_004369 0.9407 8.7416 19.3207 486.7343 347.2971
2010_004369 0.6075 54.4714 2.1691 492.6838 247.9308
2010_004415 0.9576 0.0000 27.1283 439.0453 241.5962
2010_004415 0.8986 11.1847 98.1216 322.2889 277.4178
2010_004415 0.8904 14.2994 19.3306 461.4235 168.6196
2010_004417 0.6027 12.4855 210.1448 332.8500 487.3439
2010_004425 0.9937 45.4295 146.5808 406.0797 367.1021
2010_004457 0.8760 93.5320 58.1322 418.0506 340.4609
2010_004457 0.5879 141.2691 68.6185 340.1312 264.7514
2010_004479 0.9663 150.7259 198.1426 287.1486 371.1205
2010_004515 0.9932 249.1829 58.0919 336.9373 269.4713
2010_004545 0.8853 287.2081 112.5578 428.2812 269.0219
2010_004553 0.9914 61.8703 0.0000 430.5929 375.0000
2010_004584 0.9624 206.6666 72.3871 375.0000 374.1457
2010_004585 0.9991 61.3430 32.9341 281.1926 266.0000
2010_004634 0.9879 29.3820 21.1381 422.3365 370.8069
2010_004667 0.9679 104.7367 38.7935 450.0354 305.9931
2010_004667 0.8144 100.2129 45.2336 247.6548 193.0603
2010_004667 0.5146 119.7490 41.6631 229.4816 134.4395
2010_004681 0.9945 19.0470 80.3428 267.4821 363.5748
2010_004681 0.6389 131.8804 27.2756 371.3944 333.5861
2010_004681 0.5905 192.7083 24.5284 373.9979 262.8016
2010_004691 0.9752 182.0943 5.6200 491.7477 366.7605
2010_004691 0.7720 16.2961 94.1854 413.3444 375.0000
2010_004743 0.8889 223.3938 0.0000 358.2232 71.3394
2010_004750 0.7609 110.9539 133.7579 375.8182 299.5391
2010_004750 0.5043 99.4474 67.5737 466.9940 306.2033
2010_004753 0.9952 71.4515 77.2495 485.2645 323.6783
2010_004753 0.6227 104.5982 88.3251 356.9655 274.8471
2010_004768 0.9821 122.8635 123.1634 220.2998 419.4126
2010_004768 0.6562 115.2024 128.7329 202.4658 352.0205
2010_004792 0.7347 3.8902 58.7941 492.8143 367.9047
2010_004804 0.7849 124.5372 67.5465 500.0000 371.2247
2010_004815 0.9941 64.3360 206.8404 211.6193 488.5915
2010_004829 0.9630 119.8792 0.0000 410.3336 367.1290
2010_004861 0.9935 153.0296 12.8982 401.3289 331.7403
2010_004891 0.9944 95.3064 104.0138 371.5831 224.0627
2010_004931 0.5787 0.0000 90.4077 192.2269 350.7356
2010_004931 0.5524 114.7939 99.6147 492.3649 315.4029
2010_004954 0.8847 45.7872 31.6845 288.7327 450.5914
2010_004982 0.8281 162.1755 43.9499 246.0630 377.8481
2010_004989 0.8964 136.4651 38.1970 432.5063 251.9103
2010_004989 0.7147 199.9940 45.8797 449.2454 189.9160
2010_005006 0.6700 13.0075 0.0000 459.4175 372.8920
2010_005021 0.9884 9.6321 77.1656 400.7040 369.2580
2010_005021 0.7558 105.9139 90.2613 476.9669 375.0000
2010_005035 0.8421 86.6471 93.0833 371.8687 320.6798
2010_005048 0.9995 208.4938 75.2658 390.2556 171.0867
2010_005082 0.9979 0.0000 0.0000 442.2116 429.2715
2010_005108 0.9750 165.7347 39.7126 446.7235 281.9500
2010_005108 0.8611 2.4431 39.7920 357.4511 309.2572
2010_005115 0.9697 76.6653 90.0492 459.1734 265.4185
2010_005143 0.9455 26.8802 27.5278 375.0000 392.2427
2010_005143 0.6103 127.3567 27.6829 368.6118 477.5701
2010_005152 0.6473 9.2963 0.0000 500.0000 351.2107
2010_005185 0.9936 52.6095 17.9533 367.1695 494.4322
2010_005208 0.9861 14.5153 33.6679 342.5179 212.8002
2010_005208 0.5247 152.4547 33.3941 478.3517 222.0844
2010_005222 0.9925 281.2292 208.2824 342.3728 283.1429
2010_005230 0.9851 0.0000 109.4502 352.7704 284.6329
2010_005239 0.9971 216.1041 115.6247 315.4537 202.9140
2010_005239 0.5224 197.4680 118.7264 311.7971 231.2110
2010_005250 0.9942 112.5493 1.7098 467.6105 358.0197
2010_005264 0.9836 0.0000 0.0000 427.5062 333.0000
2010_005287 0.9851 0.5565 0.0000 395.0782 366.0508
2010_005292 0.8778 6.3981 8.1295 356.8223 334.0000
2010_005293 0.5971 244.5403 161.3957 271.7132 198.1046
2010_005331 0.8577 0.0000 19.3208 228.3998 246.0688
2010_005331 0.7752 36.8760 12.9756 347.3183 261.3678
2010_005340 0.9968 0.0000 10.1742 402.3645 320.9417
2010_005340 0.9359 0.0000 0.0000 243.1384 331.7416
2010_005340 0.6286 24.0568 123.4012 392.0367 318.7552
2010_005344 0.9910 37.2382 134.4879 451.1886 360.2632
2010_005344 0.9757 34.8355 26.1886 326.8271 197.4756
2010_005344 0.7816 37.3964 52.4504 353.8438 274.1481
2010_005344 0.7623 36.0823 159.6812 273.1540 352.8230
2010_005344 0.6105 70.2749 33.8360 420.9945 333.9870
2010_005344 0.5862 150.1961 64.3658 464.3314 356.9554
2010_005394 0.9980 66.0037 30.7135 405.0159 343.2021
2010_005421 0.9971 33.0807 158.9957 200.3572 336.0735
2010_005421 0.9917 96.8715 154.2951 205.5580 335.0552
2010_005425 0.9932 3.2411 0.0000 459.9407 367.1339
2010_005425 0.6254 0.0000 0.0000 257.6119 365.5244
2010_005456 0.9944 13.7792 1.9624 500.0000 375.0000
2010_005456 0.5625 141.6984 9.4651 500.0000 301.3707
2010_005456 0.5210 15.7162 9.9339 488.7200 203.1304
2010_005482 0.9935 0.0000 68.6908 199.6727 321.7588
2010_005508 0.7946 26.4586 22.0090 460.2156 369.8688
2010_005532 0.5203 395.7368 296.8936 483.6119 372.2120
2010_005548 0.8642 13.2584 42.0012 401.0515 482.5938
2010_005551 0.9741 21.8279 24.2547 500.0000 436.4514
2010_005592 0.9456 248.0507 87.7043 426.1902 299.6605
2010_005592 0.8724 82.7441 91.4404 252.7850 339.5559
2010_005592 0.8540 181.8928 34.9472 420.4972 345.0177
2010_005592 0.8032 65.8729 32.6429 342.5383 338.1033
2010_005606 0.9349 186.1483 151.5566 472.4316 364.5801
2010_005612 0.9461 42.8131 0.0000 475.6526 324.6639
2010_005644 0.5418 16.5968 2.8404 377.0984 308.4419
2010_005647 0.9954 1.0042 0.0000 274.5442 488.7992
2010_005647 0.8834 13.8256 3.0255 294.6941 315.5069
2010_005671 0.9241 0.0000 0.0000 333.0000 326.6057
2010_005697 0.9320 94.8924 182.9993 312.1847 400.8884
2010_005697 0.9166 33.8729 181.4242 317.6342 491.0243
2010_005697 0.8722 100.5724 200.3562 165.1380 311.4550
2010_005712 0.9977 23.0765 76.2173 373.8742 309.0286
2010_005712 0.7240 0.0000 113.3346 258.8247 330.7373
2010_005763 0.9928 13.0518 61.4774 250.2663 500.0000
2010_005763 0.7215 47.7057 79.2384 223.8010 412.7254
2010_005806 0.9984 0.0000 86.8819 308.4632 471.5040
2010_005815 0.6944 21.7774 4.4535 325.6650 285.6086
2010_005833 0.9667 17.3540 95.2851 275.0553 408.2236
2010_005853 0.9987 73.8065 4.2314 301.5921 404.3077
2010_005886 0.9960 93.4007 164.9647 243.4668 271.8033
2010_005899 0.9900 4.1405 59.5396 500.0000 309.9630
2010_005899 0.7868 185.1470 41.4981 500.0000 318.5233
2010_005903 0.9961 69.2624 35.2991 431.1981 331.5816
2010_005903 0.9391 23.5381 42.2067 318.1436 324.0149
2010_005938 0.9985 5.8372 11.2600 363.3780 371.8929
2010_005973 0.9853 57.7390 0.0000 424.4478 333.0000
2010_006011 0.9967 3.0959 44.8724 461.5929 306.4460
2010_006025 0.9966 4.2684 274.8870 347.7924 494.0381
2010_006025 0.9885 98.6595 109.9953 416.8647 335.1620
2010_006025 0.9507 72.3321 114.8740 432.3633 439.2975
2010_006035 0.7551 0.0000 0.0000 470.0000 276.7358
2010_006058 0.9703 0.0000 285.9271 288.8617 498.9592
2010_006058 0.9509 5.2430 100.2187 342.3439 488.3241
2010_006058 0.8280 7.5550 13.1033 344.5490 339.6902
2011_000162 0.9847 297.8799 96.9026 445.0332 234.0086
2011_000162 0.5631 184.4109 191.5573 297.8478 303.4631
2011_000165 0.9668 19.7256 103.7471 313.1969 477.3041
2011_000165 0.7492 87.8931 137.0033 374.6925 489.7391
2011_000202 0.6736 16.2309 28.7654 272.6213 490.1401
2011_000229 0.9838 21.9180 45.7627 346.9827 310.0205
2011_000307 0.9835 274.7177 165.9978 497.5942 303.0482
2011_000419 0.9685 17.9980 161.1250 496.0534 294.8456
2011_000419 0.8190 239.8707 171.7691 494.6740 295.5439
2011_000426 0.8696 23.1586 35.5138 452.6504 449.0000
2011_000634 0.9915 6.3800 49.6463 450.9720 364.2428
2011_000661 0.9849 171.1930 57.6253 428.4295 348.5672
2011_000780 0.9988 65.8399 10.6245 283.1649 396.6607
2011_000789 0.8488 0.0000 8.3468 272.3661 459.9157
2011_000813 0.9954 97.8027 249.0198 374.9454 402.6945
2011_000824 0.9875 182.1423 52.6935 426.4698 410.8689
2011_001116 0.7525 137.5437 105.2793 480.9556 369.0973
2011_001128 0.9965 62.7800 70.8478 495.8297 333.2984
2011_001264 0.5423 0.0000 1.3078 355.0000 484.8488
2011_001288 0.6720 137.5568 62.6528 238.6494 202.6398
2011_001292 0.9970 121.2579 28.9216 500.0000 360.9598
2011_001390 0.9871 14.7974 2.5913 471.7299 366.5694
2011_001441 0.9982 61.9904 139.3553 242.2898 258.1202
2011_001534 0.7820 61.6727 51.4646 432.6845 329.6920
2011_001543 0.9955 0.0000 31.2981 500.0000 370.9266
2011_001568 0.9886 45.6304 135.4445 424.8404 298.9109
2011_001597 0.9875 1.6557 42.5828 263.6875 500.0000
2011_001597 0.7198 11.6344 21.2245 278.1524 327.6719
2011_001601 0.6518 0.0000 166.1070 448.6979 300.0506
2011_001607 0.9905 2.9515 55.5457 299.4109 448.9969
2011_001620 0.8632 119.1388 190.9566 242.7479 330.2399
2011_001620 0.5990 39.7665 191.1976 297.6815 480.7456
2011_001745 0.5733 14.3064 129.7160 348.4564 319.7814
2011_001775 0.9790 8.2120 0.0000 497.9954 375.0000
2011_001775 0.5921 219.2495 0.0000 497.2205 374.7303
2011_001841 0.9742 10.0925 41.0347 312.7161 346.1006
2011_001900 0.9774 101.0545 21.2263 444.6593 351.0802
2011_001911 0.9887 3.2237 13.8634 286.6079 300.6802
2011_001911 0.8972 0.2788 2.2851 242.3385 182.2525
2011_001911 0.7856 6.2613 101.6401 341.7867 313.7494
2011_002004 0.9471 8.7273 0.0000 377.1223 418.5328
2011_002044 0.8440 0.0000 0.0000 438.7089 350.1922
2011_002121 0.9312 0.0000 28.2573 433.6794 360.0000
2011_002276 0.9962 29.1530 9.5016 371.6506 451.2663
2011_002276 0.8406 0.0000 9.6431 358.3772 279.7026
2011_002276 0.5240 134.4374 115.5099 375.0000 454.6292
2011_002276 0.5038 6.7440 13.6599 260.8269 240.4786
2011_002298 0.5671 95.1007 75.8674 386.9772 341.6892
2011_002409 0.9919 155.4624 226.8353 254.4588 316.8229
2011_002409 0.9833 121.2919 1.3538 249.5084 122.7328
2011_002491 0.5666 26.9149 180.1576 307.7903 325.2076
2011_002631 0.9397 150.6250 125.9256 399.2308 292.9309
2011_002631 0.6669 215.1424 148.6457 500.0000 356.9500
2011_002685 0.9986 0.0000 0.0000 500.0000 361.2524
2011_002685 0.7191 229.4321 0.0000 497.2483 361.0236
2011_002699 0.9935 13.0884 0.0000 488.5294 272.5225
2011_002883 0.9988 118.4990 4.4564 374.2545 278.2713
2011_002916 0.7817 12.6391 57.3497 327.4397 340.1583
2011_002916 0.7229 281.3817 39.3540 494.0653 217.3209
2011_003166 0.9961 138.1999 141.6877 377.8337 331.6562
2011_003182 0.9899 285.2672 81.5353 435.7415 260.6510
2011_003211 0.9858 43.8044 26.3691 489.8178 366.0119
