2008_000043 0.9859 294.9484 189.7323 375.1328 345.8005
2008_000043 0.9701 167.7772 182.4792 261.2877 348.4909
2008_000043 0.9195 262.2593 157.9643 322.8002 190.2061
2008_000043 0.8968 150.3706 163.9287 189.5785 301.0500
2008_000043 0.8708 336.5776 174.6315 432.5111 326.5095
2008_000043 0.8249 393.9418 180.4245 442.0997 296.8506
2008_000043 0.8205 328.0999 161.5741 391.0538 198.9946
2008_000043 0.7400 329.9456 164.6405 420.3580 283.8974
2008_000043 0.6637 326.4369 162.1654 394.2894 228.8640
2008_000043 0.6356 372.7740 181.0993 434.2361 324.2961
2008_000051 0.8706 209.3842 197.6298 310.9435 368.2610
2008_000051 0.7738 311.5695 198.6621 500.0000 363.0507
2008_000067 0.6918 264.4929 302.8024 345.5022 415.9271
2008_000067 0.6580 88.0749 252.3384 257.4179 438.1652
2008_000067 0.6380 94.6593 315.3399 245.3528 443.5992
2008_000149 0.9945 1.4865 115.8367 116.2994 263.0301
2008_000234 0.5805 0.0000 89.4431 57.2095 192.4367
2008_000246 0.5150 360.3825 9.9265 500.0000 168.0178
2008_000274 0.7272 42.8101 255.3931 119.3377 331.5156
2008_000305 0.8492 75.0197 204.6482 182.3353 326.1644
2008_000321 0.8960 25.0580 159.8089 161.4549 367.7602
2008_000376 0.5079 0.0000 202.0624 89.9303 327.2924
2008_000381 0.9434 1.2534 430.1902 71.0585 499.3846
2008_000381 0.9187 69.7794 428.0248 128.9671 499.7455
2008_000418 0.9708 421.0266 264.1531 491.6129 375.0000
2008_000418 0.9613 308.6098 236.4743 353.0009 338.1859
2008_000418 0.5169 356.3140 287.5359 383.5433 350.1845
2008_000465 0.8485 74.7043 144.1068 140.3602 218.2863
2008_000465 0.8080 132.6249 102.4536 187.6047 213.0485
2008_000465 0.6207 61.0895 167.4370 103.8243 227.7013
2008_000465 0.5023 214.0679 127.3142 349.2103 226.6901
2008_000473 0.9672 278.1137 388.2268 375.0000 495.1232
2008_000473 0.9082 270.2047 291.5282 375.0000 494.0387
2008_000473 0.8274 90.6600 345.9492 253.3957 455.7309
2008_000473 0.5696 81.9328 270.0475 365.6540 449.8091
2008_000473 0.5526 209.4179 265.4716 375.0000 489.0755
2008_000489 0.8985 425.2867 262.9745 499.6779 371.8378
2008_000489 0.6170 397.3973 281.7856 458.2791 371.4190
2008_000489 0.5656 405.6682 215.5994 499.2290 372.3969
2008_000498 0.8692 328.3572 34.3552 436.2774 187.8345
2008_000498 0.8672 340.3684 33.9551 415.3747 144.2137
2008_000498 0.8507 244.3716 9.2645 334.7221 118.7875
2008_000566 0.6659 108.0853 113.6046 136.0308 144.1042
2008_000589 0.7890 363.7044 77.3519 400.1041 102.5049
2008_000776 0.5866 294.2845 263.9372 381.5782 333.0000
2008_000796 0.5336 399.9640 157.0701 497.6099 363.9523
2008_000817 0.6939 212.6758 156.2899 245.4388 225.9863
2008_000817 0.6670 247.0656 161.7952 296.3560 250.9313
2008_000864 0.5533 359.4636 197.9653 500.0000 364.0384
2008_000904 0.9656 3.4181 94.2083 89.1705 302.3818
2008_000917 0.6442 389.8718 348.0640 453.3775 397.9114
2008_000976 0.7507 413.9464 257.0970 470.5505 362.3387
2008_000976 0.7468 7.9974 234.6972 99.4460 365.3048
2008_000976 0.5511 0.8203 328.2639 100.7155 373.9109
2008_001009 0.5518 331.2693 128.5748 358.5622 165.1771
2008_001046 0.9809 2.3856 310.6166 73.3081 372.6270
2008_001046 0.9755 95.2600 312.1980 183.5288 371.9730
2008_001046 0.9737 284.9764 275.4297 357.5948 364.8173
2008_001046 0.9475 207.7801 297.8804 290.8138 370.2260
2008_001046 0.9403 111.8552 289.3652 190.3840 348.1734
2008_001046 0.9218 392.1510 220.6952 440.8999 302.9238
2008_001046 0.9113 32.0634 284.0413 102.7407 369.3815
2008_001046 0.8948 393.2270 309.7705 475.2628 373.8377
2008_001046 0.7047 14.3748 302.5398 90.8207 371.8675
2008_001074 0.6283 215.5630 357.3480 343.1766 497.9966
2008_001076 0.7594 249.5022 166.6095 366.4348 362.7119
2008_001077 0.6740 394.0139 81.4343 492.3806 144.3377
2008_001210 0.5344 72.3892 27.7049 359.4250 500.0000
2008_001320 0.6720 99.8639 210.5863 178.1695 314.0364
2008_001338 0.6478 481.1488 107.1747 498.2849 158.5409
2008_001338 0.5944 0.2553 203.1395 157.1009 325.9771
2008_001338 0.5782 0.0000 88.0289 166.1911 333.0000
2008_001439 0.9910 315.0402 29.7010 495.3290 271.6997
2008_001439 0.9848 7.9469 34.6080 177.1907 269.1064
2008_001439 0.9645 169.9119 30.0023 320.4028 271.2591
2008_001439 0.5200 101.1352 10.6253 193.5650 135.9526
2008_001451 0.9847 76.4451 272.1934 196.7400 373.6277
2008_001451 0.5427 391.6440 273.4216 484.4868 362.7428
2008_001486 0.5539 466.8114 146.9813 497.6765 321.8302
2008_001491 0.8104 0.0000 111.7161 70.9908 326.1736
2008_001491 0.7858 264.6644 90.0426 457.1638 323.6852
2008_001491 0.7211 18.1898 110.0846 292.9551 330.1866
2008_001491 0.5312 125.6005 107.0086 450.4349 320.3372
2008_001503 0.9217 0.0000 39.7302 61.5328 148.6511
2008_001503 0.7456 127.5834 184.5479 403.9939 333.0000
2008_001596 0.9043 291.6378 132.8960 359.8967 243.7134
2008_001596 0.5065 419.3899 140.9452 499.1845 341.1160
2008_001613 0.9503 325.6924 208.5626 385.9881 331.9476
2008_001613 0.9398 175.7049 219.9062 225.6976 328.5255
2008_001613 0.8941 100.0496 197.0700 153.1131 309.1359
2008_001613 0.8853 287.8840 224.0299 349.5318 316.8535
2008_001613 0.8513 309.4857 209.2667 371.1724 318.5856
2008_001613 0.8347 3.4618 188.6386 48.7684 284.2819
2008_001613 0.5639 339.9803 194.3024 401.3760 262.7825
2008_001624 0.9626 4.8116 191.1842 137.8513 270.1558
2008_001624 0.9591 451.2224 191.7095 499.2608 321.1553
2008_001636 0.8476 67.9322 170.6244 170.6826 317.9313
2008_001702 0.7927 0.0000 294.6323 163.0746 500.0000
2008_001715 0.9539 101.3766 33.1447 286.5002 278.5813
2008_001723 0.9817 113.2244 235.4202 196.0128 348.6657
2008_001723 0.6101 289.7423 219.2904 327.5725 264.5338
2008_001723 0.5774 232.9020 241.2164 328.1079 302.0449
2008_001757 0.7827 2.1255 273.5950 62.8598 371.7677
2008_001757 0.5953 449.1579 301.8033 498.7246 372.4808
2008_001764 0.9838 439.6449 163.1662 493.3649 317.9254
2008_001764 0.8326 409.0182 159.0117 490.7422 313.3956
2008_001769 0.5261 208.2968 314.0943 469.0000 500.0000
2008_001772 0.9523 85.9861 208.3547 161.6861 309.6808
2008_001773 0.8673 187.4341 306.9309 293.1253 375.0000
2008_001773 0.5745 405.2144 188.0874 478.4583 257.3095
2008_001814 0.5614 223.9937 253.6546 261.8591 328.2484
2008_001841 0.7929 275.1128 130.2709 355.6570 245.9223
2008_001841 0.6785 0.4271 24.0456 127.8862 337.2627
2008_001862 0.7758 297.9072 89.8331 367.2998 158.9229
2008_001862 0.7412 294.4144 20.3329 370.9672 167.3195
2008_001869 0.9374 122.9213 226.6515 283.0630 366.7358
2008_001869 0.6326 341.8480 207.9688 491.5710 360.8459
2008_001910 0.5609 0.1781 209.2371 100.6545 302.5713
2008_001910 0.5364 81.1621 193.9489 113.1235 297.3283
2008_001928 0.8642 1.4655 233.6335 105.7522 370.0085
2008_001930 0.6742 200.9298 67.9692 229.7096 93.9517
2008_001951 0.5086 2.9886 64.7064 317.7812 367.6968
2008_002026 0.9687 145.4714 212.2350 275.1097 357.3365
2008_002026 0.5648 316.5076 308.9066 416.8633 370.6619
2008_002035 0.6085 406.9047 147.7425 492.1740 220.0066
2008_002035 0.5402 185.9719 12.4209 230.6721 123.0634
2008_002045 0.7238 334.4601 110.3612 425.5793 145.8684
2008_002045 0.5279 330.1656 27.3275 377.2628 56.3925
2008_002071 0.7781 66.5347 185.9167 264.1913 329.6529
2008_002071 0.5849 2.5734 98.0775 126.4099 264.9023
2008_002071 0.5546 261.3939 129.9310 397.5125 308.8274
2008_002071 0.5206 4.9410 142.7580 81.3667 259.9437
2008_002082 0.8541 227.3287 163.3604 283.4537 235.8585
2008_002082 0.7633 174.9792 164.0313 220.3791 215.9541
2008_002082 0.5428 1.6779 231.8552 135.0846 332.2267
2008_002086 0.7267 280.9909 312.3129 368.7667 370.7744
2008_002086 0.5308 299.8331 0.2041 390.9787 103.4261
2008_002114 0.8774 380.5502 196.1137 498.2743 375.0000
2008_002114 0.7185 301.4135 180.2019 498.9450 368.7905
2008_002114 0.6670 93.1309 167.6271 431.0938 364.0381
2008_002114 0.5655 95.3677 243.4467 245.9941 372.1217
2008_002115 0.5121 325.4036 45.5204 376.6599 94.8455
2008_002153 0.6477 5.1060 230.7545 114.0322 353.8654
2008_002155 0.7398 256.6476 180.0033 350.3607 372.4142
2008_002366 0.7764 229.9809 129.1405 299.7921 252.7710
2008_002379 0.5908 7.1378 239.5860 156.2495 368.2500
2008_002384 0.9328 42.4816 239.1794 213.4510 373.2443
2008_002384 0.9062 38.8447 237.9083 147.4642 372.5020
2008_002384 0.7950 453.6680 244.1135 499.3903 359.3703
2008_002438 0.6872 110.3624 66.5379 245.9065 137.7129
2008_002470 0.6759 155.9211 115.1668 190.2851 153.3700
2008_002481 0.9821 204.5482 292.6096 313.0192 375.5117
2008_002481 0.5542 443.7128 292.9605 500.0000 323.2391
2008_002508 0.8572 346.5988 174.8369 382.6360 290.4337
2008_002508 0.8261 299.4355 159.1449 336.0188 248.9399
2008_002508 0.8051 276.9152 142.9827 308.1659 211.0353
2008_002508 0.7418 193.7949 137.6111 275.4840 201.2032
2008_002508 0.7337 414.4615 196.9116 493.2790 285.2296
2008_002508 0.7144 465.6376 171.2952 497.1576 197.6761
2008_002508 0.6700 394.7038 152.3923 414.5620 172.4112
2008_002508 0.6335 314.9180 160.4460 353.0844 261.7261
2008_002521 0.9938 205.3161 223.0330 287.9826 365.6884
2008_002521 0.9092 92.6238 304.7823 135.8082 346.3724
2008_002640 0.8842 114.7158 302.6172 174.9928 418.3360
2008_002678 0.7033 379.3374 186.2745 419.0880 246.9406
2008_002768 0.8969 225.1630 350.1783 347.8014 500.0000
2008_002768 0.6256 234.5101 232.7760 365.9496 490.6635
2008_002768 0.5546 28.7200 336.0200 351.0538 493.1369
2008_002795 0.9332 388.2325 160.9503 497.0729 372.2112
2008_002795 0.5813 337.7414 109.7407 493.4638 371.2853
2008_002831 0.5511 52.8631 450.4149 74.6549 489.4505
2008_002879 0.6507 335.8132 96.4121 385.8443 155.9301
2008_002897 0.7032 139.0152 246.8342 209.0154 336.5705
2008_002899 0.5961 130.8695 6.8536 403.9205 73.1853
2008_002920 0.9730 0.0247 130.6116 90.1073 304.3254
2008_002958 0.8143 0.9728 209.4617 62.3491 326.5064
2008_003073 0.9224 62.7305 224.7655 161.4229 331.7370
2008_003082 0.8045 324.6589 250.4122 347.8587 275.4080
2008_003082 0.6348 216.0033 239.4428 234.2944 267.1416
2008_003082 0.5266 316.1783 252.1453 336.6172 276.3367
2008_003136 0.9292 172.6379 66.7736 225.4484 188.8344
2008_003178 0.9905 442.2283 165.9027 500.0000 281.5492
2008_003178 0.9826 103.4815 95.7376 366.3564 375.0000
2008_003178 0.9653 321.6009 173.3705 388.2620 270.2634
2008_003178 0.8709 203.7434 138.5404 375.6530 375.0000
2008_003211 0.5124 0.0000 347.1487 90.7409 500.0000
2008_003245 0.9044 2.2705 140.7165 160.5755 354.7890
2008_003245 0.8789 35.1518 103.6490 359.2866 361.5011
2008_003245 0.6914 232.2971 205.8970 380.7074 371.3985
2008_003245 0.6178 44.4368 190.4467 409.7501 367.4174
2008_003271 0.7175 6.8327 90.3875 305.0330 356.5844
2008_003271 0.7098 20.8661 94.3521 196.5394 357.5260
2008_003280 0.8463 62.5755 273.8462 167.1389 459.3694
2008_003351 0.9494 371.5520 136.9360 424.0903 230.8589
2008_003407 0.7356 181.3102 224.4948 226.2360 290.7910
2008_003432 0.9737 286.9601 169.0749 467.9387 355.9750
2008_003442 0.5110 128.0374 268.8819 171.2856 352.2065
2008_003472 0.5623 163.3422 101.5895 223.6077 220.3844
2008_003477 0.8373 44.6747 140.7254 144.7217 236.4237
2008_003477 0.7331 316.4260 139.1897 472.7057 338.8599
2008_003477 0.6477 362.9631 130.4380 465.5369 216.9823
2008_003547 0.9851 0.0000 233.5687 122.3169 457.2582
2008_003647 0.5979 0.0000 277.2216 278.1078 375.0000
2008_003650 0.6216 9.9383 223.7707 135.6670 359.5065
2008_003681 0.5636 46.0489 246.3791 247.9955 416.9571
2008_003753 0.9861 178.1320 218.4121 232.5320 324.2437
2008_003753 0.8656 249.3677 233.1812 347.5516 373.2001
2008_003753 0.8146 145.2288 213.6017 183.9812 262.5645
2008_003753 0.7978 6.3838 315.2440 75.5811 375.0000
2008_003821 0.9667 25.5252 161.3856 234.4582 500.0000
2008_003821 0.6506 28.9639 161.5793 163.8064 317.2932
2008_003881 0.8284 368.9188 212.6929 471.6566 362.5663
2008_003904 0.9707 128.0379 260.1795 260.2676 318.7732
2008_003904 0.9491 3.9938 268.1171 128.7662 311.1661
2008_004002 0.5316 165.2658 337.7389 341.7859 373.5025
2008_004003 0.8296 383.3167 221.9210 470.2308 325.5267
2008_004054 0.8994 425.8111 194.5228 492.2472 279.4229
2008_004054 0.8674 476.4430 193.9817 497.4706 283.7151
2008_004124 0.9588 99.4721 108.5458 347.3533 356.4846
2008_004124 0.6395 61.7737 78.6597 428.7138 366.9673
2008_004216 0.8702 49.0594 142.3220 101.1434 257.2608
2008_004221 0.8808 14.5920 212.5813 43.9235 255.9579
2008_004221 0.8735 32.9831 210.3716 61.7255 252.4283
2008_004221 0.7133 235.5622 202.5482 262.5524 247.5194
2008_004221 0.6782 54.5360 213.6839 69.4503 248.0191
2008_004221 0.5293 211.9100 200.8288 244.6321 243.7849
2008_004251 0.9601 26.3645 115.0634 65.6969 160.1481
2008_004271 0.7881 148.3720 188.4560 205.4013 260.4001
2008_004271 0.5634 176.7342 215.5400 331.8805 330.5381
2008_004289 0.6353 59.4523 28.8316 189.1618 85.4958
2008_004289 0.5192 63.8005 16.3362 264.5570 86.6355
2008_004324 0.5830 0.0000 132.4324 85.1112 166.5080
2008_004384 0.8922 188.0926 265.7985 375.0000 495.6248
2008_004384 0.8615 1.3930 294.0462 78.3382 491.1425
2008_004384 0.7113 47.0178 225.7892 205.6418 478.2281
2008_004384 0.5980 0.0000 332.8708 71.2517 459.1142
2008_004384 0.5244 55.1629 239.4714 195.2286 344.2733
2008_004408 0.9862 281.2617 283.6560 329.9317 368.2864
2008_004408 0.9202 380.4188 291.9073 441.7857 374.3574
2008_004408 0.9156 322.1875 297.6997 385.6716 369.7724
2008_004408 0.7063 380.9721 327.4024 437.0906 373.9274
2008_004445 0.9110 200.1365 236.4723 291.5397 332.0000
2008_004445 0.5660 273.9239 249.2709 399.2997 330.0131
2008_004459 0.8727 0.4614 42.0539 88.6060 131.8212
2008_004460 0.9858 100.7675 270.4323 289.0539 375.0000
2008_004460 0.9149 314.1445 205.4794 397.0200 234.8337
2008_004460 0.6931 392.1210 276.3748 500.0000 375.0000
2008_004460 0.6735 97.7200 274.8422 209.0263 374.8562
2008_004487 0.9928 368.3698 170.7067 496.5680 368.6174
2008_004487 0.9084 374.1500 267.0092 483.2641 374.2534
2008_004487 0.8085 445.0314 184.1698 500.0000 333.8885
2008_004487 0.5605 398.7057 179.7580 493.8111 295.8424
2008_004487 0.5335 441.8215 180.9427 500.0000 273.7696
2008_004501 0.9311 354.9324 223.2202 428.9556 375.0000
2008_004501 0.7643 447.0011 48.1840 499.7990 160.1944
2008_004501 0.5853 346.9224 33.0693 488.5732 342.8828
2008_004553 0.5390 218.2636 344.2305 333.0000 500.0000
2008_004564 0.7698 2.1960 210.0662 189.3273 333.0000
2008_004579 0.5136 263.7369 78.3524 341.8409 163.9146
2008_004592 0.9780 400.7690 9.0942 500.0000 209.8109
2008_004592 0.9013 10.6577 4.5532 130.6232 156.5683
2008_004606 0.8358 362.0669 211.7845 498.8413 272.9017
2008_004665 0.9816 298.0266 203.5139 431.5285 322.2610
2008_004665 0.7238 38.1105 194.2656 107.2410 296.4259
2008_004670 0.9703 376.3666 141.9177 457.2750 253.2542
2008_004670 0.9567 319.3962 134.4988 368.9838 216.3656
2008_004670 0.9523 81.8849 116.0234 122.8200 162.6568
2008_004670 0.9416 46.7050 116.3244 83.2803 163.3334
2008_004670 0.8395 452.3956 187.8973 499.7249 279.2645
2008_004670 0.8314 260.6172 127.1636 316.8611 207.9229
2008_004670 0.6555 205.8321 125.7519 310.1822 205.1291
2008_004670 0.5957 200.2255 122.2188 234.8412 165.9188
2008_004670 0.5738 188.1913 120.3626 233.7677 174.3993
2008_004705 0.5600 5.6689 310.5071 253.1814 490.5581
2008_004720 0.9698 292.7054 121.0332 500.0000 374.7652
2008_004778 0.9122 110.4660 192.3732 258.0000 400.0000
2008_004778 0.5427 72.6172 124.0899 258.0000 400.0000
2008_004819 0.7930 341.2922 279.8546 428.3083 369.5471
2008_004819 0.7892 414.5045 248.8885 478.7021 368.5137
2008_004819 0.6190 182.9846 303.9330 265.8046 374.9154
2008_004819 0.5168 361.5781 261.8821 418.1762 295.5316
2008_004851 0.9436 122.1845 70.7426 169.6870 192.5478
2008_004881 0.5737 0.5349 153.1361 180.2883 362.9372
2008_004887 0.9160 0.4995 287.3656 112.9499 370.4922
2008_004887 0.8759 0.0000 234.5225 110.4140 370.3434
2008_004887 0.5173 246.6850 112.7514 315.9631 173.1880
2008_004894 0.6724 170.8106 155.7650 395.2460 340.4713
2008_004948 0.8418 0.2004 262.7493 47.9308 304.8294
2008_004984 0.9923 319.3943 11.2864 398.1292 153.5272
2008_005037 0.9832 167.2304 64.6596 336.7943 281.0840
2008_005061 0.8613 6.8873 21.2073 200.9789 347.1088
2008_005061 0.7448 11.8924 16.2422 228.9693 242.0766
2008_005061 0.7412 4.6768 11.7636 297.6694 397.6691
2008_005063 0.8789 331.0444 318.1543 462.1277 371.7911
2008_005068 0.9911 138.8834 299.4291 257.7498 467.1017
2008_005070 0.9131 373.2099 64.2130 498.2754 252.7502
2008_005070 0.5312 284.9120 47.3953 491.5858 339.9848
2008_005107 0.6145 286.2126 224.0122 374.5897 395.6937
2008_005107 0.5471 6.2327 97.6295 261.8022 452.8949
2008_005111 0.9895 304.4782 157.4552 374.0000 281.0523
2008_005111 0.9721 205.2987 139.5517 302.4090 259.4555
2008_005167 0.9067 0.0000 12.8842 89.4973 235.8400
2008_005167 0.8486 433.6190 96.4643 497.0267 265.1073
2008_005167 0.7453 386.3981 58.6395 498.5895 260.2696
2008_005175 0.5922 281.5767 278.2827 353.5818 344.0221
2008_005183 0.8016 380.1454 214.8681 495.5319 366.7500
2008_005191 0.9692 259.3903 180.9315 387.8786 369.3441
2008_005191 0.7496 33.1079 317.8192 98.4803 372.7345
2008_005205 0.9894 0.0000 181.2427 85.1911 361.0468
2008_005205 0.9809 437.1605 207.0454 499.8463 373.3228
2008_005205 0.9429 83.9571 245.0570 259.6584 380.0000
2008_005205 0.5446 92.3862 165.9520 456.6924 376.8533
2008_005257 0.9764 30.5974 162.9591 176.2456 371.6632
2008_005257 0.9339 297.3658 221.6725 430.7029 370.8768
2008_005257 0.8006 201.0780 118.7544 244.4784 153.6959
2008_005257 0.6828 320.2357 126.4840 365.5544 150.4159
2008_005288 0.5017 88.8409 5.4410 500.0000 262.2089
2008_005323 0.5751 26.4014 190.7398 183.1730 331.6664
2008_005347 0.7104 214.6792 305.5881 381.0699 375.0000
2008_005348 0.6588 0.4499 36.8363 75.7048 159.8850
2008_005348 0.6383 3.1751 189.5990 77.2359 287.0000
2008_005348 0.5392 1.9649 185.5381 116.8909 281.7907
2008_005417 0.9715 136.4410 300.8646 221.4341 375.0000
2008_005417 0.9631 47.6951 270.7093 150.7257 373.0796
2008_005417 0.6768 225.2072 279.2530 350.9038 374.4101
2008_005444 0.7871 5.5246 89.5623 203.4535 235.4462
2008_005444 0.6777 131.2507 83.4321 388.7662 243.9605
2008_005472 0.7400 1.5193 214.1624 45.9188 366.7050
2008_005574 0.8457 1.6601 55.7630 180.7411 317.5599
2008_005574 0.5036 0.0000 40.3522 324.5524 426.2412
2008_005608 0.9512 378.5695 196.1059 499.1715 244.2897
2008_005608 0.7922 303.7010 248.6897 369.0942 374.0000
2008_005608 0.7811 344.2058 226.3364 500.0000 372.5822
2008_005608 0.7407 220.9645 250.3827 368.4601 373.1182
2008_005652 0.8480 289.7149 20.5156 383.5284 172.5078
2008_005652 0.5374 377.9672 59.9635 485.8151 182.9246
2008_005796 0.5441 4.6192 133.6878 29.4175 159.8486
2008_005848 0.9449 246.6880 232.4347 375.0000 377.3781
2008_005857 0.7685 366.6577 99.7533 494.8293 350.6451
2008_005857 0.5331 0.0000 0.0000 326.1368 364.6786
2008_005881 0.7378 0.0000 222.4518 107.0540 468.3171
2008_005884 0.7203 22.8216 168.7006 108.4089 215.3828
2008_005914 0.8044 452.6586 186.5718 474.0002 211.1603
2008_005914 0.7156 275.5428 200.4207 318.7678 247.4620
2008_005970 0.8248 13.8168 64.4800 194.3972 286.0931
2008_005970 0.5937 0.0000 182.5223 143.2382 286.6125
2008_005970 0.5673 79.9480 38.0253 337.5101 282.9832
2008_005975 0.9055 388.3548 78.5642 498.1221 147.4031
2008_005975 0.7501 183.1020 61.2020 362.7588 134.3582
2008_006008 0.8304 181.1963 320.5943 340.7968 492.8255
2008_006008 0.7872 32.1624 306.4282 185.2430 497.8161
2008_006008 0.5621 23.0446 269.6105 90.0964 310.6766
2008_006120 0.6598 3.9786 283.7343 131.1653 373.4393
2008_006151 0.9872 70.3830 133.6988 199.5202 307.1312
2008_006151 0.9862 175.1743 137.7755 310.5485 324.7988
2008_006151 0.9571 296.7297 118.6057 418.5402 318.2988
2008_006151 0.6769 78.8745 93.4491 129.7294 133.7445
2008_006166 0.8331 3.2425 91.8062 72.4246 260.6157
2008_006303 0.9936 90.0624 186.6022 178.7692 307.5330
2008_006303 0.9921 333.5388 185.2790 418.4378 311.0345
2008_006307 0.5707 0.0000 0.0000 483.4467 315.5446
2008_006311 0.9837 144.0998 188.9329 240.4534 355.8399
2008_006311 0.9434 238.3543 224.5640 361.9172 375.0000
2008_006311 0.8748 0.0000 210.4359 97.5617 375.0000
2008_006311 0.6733 392.8902 205.2165 500.0000 375.0000
2008_006330 0.9754 33.7042 294.4534 157.5156 490.3278
2008_006337 0.9216 242.1183 109.6824 302.9890 193.7267
2008_006520 0.8403 2.5419 6.6565 350.1183 332.0000
2008_006526 0.7671 194.2003 230.9013 227.6373 329.6215
2008_006588 0.7335 44.0130 22.1611 145.4433 95.0076
2008_006588 0.6451 394.9342 243.0349 500.0000 372.5667
2008_006588 0.6166 135.2333 33.9676 185.2158 92.8770
2008_006611 0.9594 166.0169 204.9536 347.3462 337.4965
2008_006611 0.6985 6.0999 207.7365 161.6539 343.0000
2008_006660 0.9687 234.9774 188.7015 344.9410 369.5269
2008_006662 0.5730 2.7170 263.6814 165.4626 370.5409
2008_006665 0.5476 437.4778 242.5816 500.0000 330.6912
2008_006686 0.5182 467.5407 109.9232 498.8489 233.1087
2008_006696 0.8421 8.6149 26.3607 285.0429 416.7529
2008_006696 0.5219 13.6657 49.9775 239.0524 331.5699
2008_006710 0.7920 267.5175 120.0813 326.0437 213.5567
2008_006773 0.7056 300.8619 282.5020 492.0266 371.4578
2008_006792 0.7286 2.2415 46.0755 125.2934 388.2477
2008_006796 0.9298 163.5763 269.0264 290.5903 366.2085
2008_006816 0.7073 0.0000 91.4714 113.0642 326.1113
2008_006828 0.8992 127.0586 410.8395 200.4341 494.0084
2008_006833 0.5551 297.8534 206.2299 320.3773 230.4272
2008_006837 0.9407 42.2546 12.8889 126.0953 168.1657
2008_006837 0.9197 230.1775 5.5486 342.6649 176.6349
2008_006841 0.9624 222.1473 135.0774 329.9214 278.5727
2008_006841 0.6953 351.2860 126.8824 409.7538 239.3451
2008_006841 0.5655 298.1292 175.9668 354.4160 271.5414
2008_006968 0.7628 67.3119 219.2714 153.0698 325.4772
2008_006968 0.6534 12.8932 162.3523 86.2172 203.5376
2008_006979 0.5939 329.2003 59.7876 493.6185 223.2846
2008_007006 0.9178 31.2441 37.1777 294.2892 500.0000
2008_007006 0.7952 95.7940 27.4103 333.8095 405.3254
2008_007006 0.7242 133.5387 23.7115 339.0199 273.1885
2008_007048 0.8562 101.8331 248.8337 205.0335 432.2965
2008_007048 0.7218 108.2043 266.1418 264.0073 437.9793
2008_007048 0.6598 176.9208 315.7611 253.2355 430.6987
2008_007091 0.5009 149.3792 137.3049 188.4777 164.3875
2008_007166 0.9842 387.6105 200.4582 458.6056 300.6325
2008_007166 0.6160 445.0885 209.1670 496.9806 297.3136
2008_007190 0.5452 0.5861 258.4538 35.3047 369.2140
2008_007194 0.9879 203.0666 88.8465 336.0884 316.4624
2008_007194 0.9812 35.0480 90.7261 174.3394 315.0063
2008_007194 0.7113 41.6877 86.3726 165.8131 240.2061
2008_007194 0.6121 356.0022 69.3596 498.5812 301.4102
2008_007287 0.9196 231.1946 120.0986 463.4187 365.3350
2008_007287 0.8503 106.2934 16.5957 189.9455 117.4320
2008_007287 0.7596 0.8051 120.9187 27.0316 214.2144
2008_007287 0.6946 407.8643 167.5229 497.6278 369.3372
2008_007293 0.7231 53.5187 200.5764 363.5696 491.2787
2008_007293 0.6299 157.1488 296.3772 367.5515 497.7347
2008_007295 0.5176 5.2593 207.2782 107.1901 325.0072
2008_007339 0.7569 262.8153 132.8907 319.9257 236.5518
2008_007378 0.8502 65.6565 0.0000 180.0005 128.4646
2008_007378 0.7481 278.4338 6.9793 484.9339 225.4538
2008_007402 0.8565 19.2892 172.2635 75.5666 302.5159
2008_007402 0.8282 0.0000 201.8723 38.6790 326.8092
2008_007402 0.7199 8.7870 153.9485 52.1981 177.0606
2008_007404 0.6246 0.0000 0.0000 270.1006 296.2874
2008_007404 0.5796 311.0581 16.6656 400.0000 249.2596
2008_007415 0.7682 111.9421 109.7850 306.6119 424.5364
2008_007435 0.8354 27.8349 309.2709 108.8602 374.1271
2008_007527 0.6177 74.7487 219.8247 258.0408 375.0000
2008_007536 0.8193 328.5837 63.1410 359.2848 181.0787
2008_007561 0.8774 173.0675 216.5298 382.0333 373.0384
2008_007585 0.7796 449.3906 159.9563 500.0000 367.1352
2008_007617 0.8921 439.9958 206.4552 487.2616 306.1080
2008_007617 0.8860 0.0000 237.0604 39.4693 373.0054
2008_007632 0.6350 129.6895 0.0000 264.0000 357.7929
2008_007632 0.5946 34.2490 2.7259 259.8231 392.8383
2008_007649 0.8220 475.9087 4.5021 499.6960 47.6758
2008_007685 0.9616 259.0129 294.2350 388.0924 369.9118
2008_007685 0.6036 106.0972 331.1232 176.3113 373.5943
2008_007737 0.8133 249.7144 339.5073 339.4996 498.8691
2008_007741 0.8590 37.2407 281.5016 108.8568 368.0171
2008_007768 0.8086 207.8170 284.1781 288.2278 468.0745
2008_007798 0.5285 252.6068 442.3544 369.7163 497.2878
2008_007798 0.5058 65.9689 450.0376 159.5692 499.7896
2008_007827 0.7523 376.2954 144.4187 427.4335 188.7066
2008_007893 0.9925 78.1860 76.1029 284.4548 472.8730
2008_007893 0.6989 93.0270 236.7970 277.6222 484.6306
2008_007922 0.9685 286.3238 194.8342 406.7389 359.3453
2008_007922 0.9058 347.2412 179.6589 421.4679 288.1618
2008_007922 0.8385 189.7753 228.6815 315.8292 366.6926
2008_007922 0.7736 211.7827 172.8063 249.2836 226.5204
2008_007922 0.5946 314.5096 187.3011 417.5378 324.1599
2008_007949 0.9532 82.9570 240.1662 147.4476 321.0901
2008_008155 0.9517 366.0470 192.1517 491.7727 334.5053
2008_008155 0.5931 418.0247 178.4607 488.7750 219.1289
2008_008190 0.5273 170.5493 140.9990 332.2846 312.3411
2008_008271 0.5163 1.6258 157.4673 147.8047 283.1831
2008_008335 0.7215 100.4386 116.7983 160.4173 236.9679
2008_008362 0.5980 373.4186 313.3618 464.2741 375.0000
2008_008365 0.9639 368.0544 234.8031 437.8841 361.5286
2008_008365 0.9077 61.3145 228.1159 104.6011 351.6647
2008_008365 0.8385 215.9184 209.2858 278.4745 286.9469
2008_008365 0.8126 207.4755 326.3277 315.3754 375.0000
2008_008365 0.5474 93.2448 262.5280 193.8102 375.0000
2008_008365 0.5295 350.7998 262.7826 389.1926 367.8558
2008_008365 0.5197 364.8630 243.9069 413.7019 362.1699
2008_008365 0.5182 64.6684 253.7901 116.6841 356.1749
2008_008406 0.5421 104.1249 3.4869 372.7043 315.6887
2008_008439 0.8480 244.9753 203.9091 317.7778 315.4872
2008_008439 0.7397 16.6414 210.0384 143.9117 302.9338
2008_008443 0.5564 10.3504 371.0000 196.0905 496.4472
2008_008443 0.5045 1.5858 397.9584 55.6202 496.5056
2008_008470 0.9792 54.5088 182.2518 115.8520 263.2579
2008_008470 0.9266 191.3680 173.7623 232.7043 212.4453
2008_008470 0.8236 248.4435 164.7272 293.9738 205.2092
2008_008470 0.5341 416.5964 200.1815 500.0000 306.8750
2008_008474 0.5412 0.0000 223.0366 26.2812 272.6326
2008_008536 0.8659 211.8511 125.6794 373.3239 309.5460
2008_008538 0.7850 286.0919 194.5257 382.2060 270.3205
2008_008538 0.6757 271.1598 192.6330 385.8687 329.9770
2008_008554 0.9324 146.7622 180.7195 204.8281 237.9245
2008_008554 0.7792 228.1020 134.1105 323.9821 236.0642
2008_008554 0.6322 324.8678 143.6948 441.7645 254.3348
2008_008554 0.5183 0.0000 283.8739 124.1254 374.6406
2008_008588 0.5427 200.0544 138.9854 324.1044 325.9602
2008_008598 0.6558 174.8525 322.9332 285.7277 372.7649
2008_008621 0.9791 441.0343 193.6443 500.0000 323.1953
2008_008621 0.8643 309.0361 110.7501 487.5072 336.7929
2008_008658 0.8638 55.2529 236.1930 241.2112 367.8844
2008_008658 0.8237 301.8066 176.6991 443.4955 309.0477
2008_008658 0.5297 293.2999 178.8782 382.8579 250.3792
2008_008700 0.8337 245.3866 236.5464 374.5227 289.8247
2008_008772 0.7771 207.1270 229.2155 382.9452 340.9324
2008_008772 0.6970 90.7178 200.0079 140.6465 280.2061
2009_000032 0.5626 18.8820 206.3097 58.7915 282.6122
2009_000041 0.5046 352.0802 317.4807 499.9086 373.5201
2009_000087 0.5026 213.1852 255.9774 453.4522 369.5559
2009_000096 0.9441 99.9269 116.2125 152.0511 183.1332
2009_000096 0.5316 424.9789 179.5235 469.6142 244.9556
2009_000182 0.5308 202.1340 148.1989 237.8622 181.2746
2009_000192 0.9850 178.3767 70.7303 302.9191 253.6682
2009_000198 0.9692 18.3407 139.4332 187.3663 331.1328
2009_000198 0.9430 231.9333 130.3948 329.7964 289.3815
2009_000212 0.9787 140.8907 236.6947 233.8073 452.1058
2009_000212 0.7749 72.8455 217.4489 141.6384 440.7569
2009_000212 0.7318 220.7812 229.7483 295.1435 433.9609
2009_000214 0.9943 231.3510 180.4882 345.5460 332.9348
2009_000298 0.9597 92.8528 100.7746 202.3071 288.2093
2009_000298 0.8069 49.5008 97.2143 159.5218 276.0162
2009_000298 0.7728 16.2813 89.9691 110.4759 255.1754
2009_000316 0.9314 179.0343 156.2111 243.6407 229.4633
2009_000351 0.7106 34.7254 254.0526 138.4058 365.9565
2009_000391 0.9651 5.3930 84.0746 66.9217 159.7125
2009_000422 0.9911 339.6893 230.1375 409.1210 327.7485
2009_000422 0.9811 247.3712 220.8887 297.3874 305.2826
2009_000422 0.9483 146.9809 216.0273 223.2411 282.7143
2009_000422 0.8628 121.4491 242.2050 156.9191 274.0896
2009_000422 0.5905 227.4616 253.4863 256.2878 286.3289
2009_000422 0.5558 248.9151 259.1212 294.9032 308.7700
2009_000453 0.7599 8.6962 13.8913 335.5277 371.0975
2009_000456 0.5064 134.8181 4.2299 475.1105 246.9883
2009_000483 0.6315 157.6739 112.1550 425.2885 369.8368
2009_000487 0.6418 16.3735 182.4256 65.2782 212.6803
2009_000552 0.9506 82.5495 154.1896 296.6211 483.7852
2009_000590 0.5559 68.5026 159.5848 229.4308 466.8305
2009_000624 0.9619 6.3527 96.1151 232.1999 373.9131
2009_000760 0.9947 65.2736 167.7031 132.5791 278.1375
2009_000760 0.6704 441.7299 259.1367 494.0389 375.0000
2009_000762 0.6897 169.5797 198.6049 253.4536 387.6228
2009_000762 0.6790 95.8371 31.7965 451.3021 459.0000
2009_000811 0.6928 76.0965 230.2634 199.9553 373.4187
2009_000811 0.6810 56.5068 49.9862 458.8859 348.6988
2009_000811 0.6167 370.9157 14.3134 417.1505 64.3261
2009_000811 0.5495 3.0594 22.0901 60.0240 99.6990
2009_000851 0.7931 348.1449 9.7070 496.2302 324.5577
2009_000851 0.6111 255.7172 10.5319 483.2898 336.0000
2009_000851 0.5382 84.7086 22.0494 423.0655 336.0000
2009_000925 0.6046 0.0000 14.8858 272.6742 347.5963
2009_001000 0.9787 102.6112 33.7657 178.4283 121.0000
2009_001000 0.5900 34.1028 65.8207 83.7032 118.0945
2009_001021 0.9740 61.8768 319.2519 136.8875 457.2001
2009_001021 0.7043 0.0000 331.8057 90.1697 499.9334
2009_001028 0.9510 301.0810 246.2710 435.7711 440.3435
2009_001028 0.5868 31.4996 260.5522 165.1176 427.3562
2009_001038 0.6587 70.9486 79.2848 316.2401 449.7544
2009_001057 0.8100 298.2784 16.9933 500.0000 332.4578
2009_001120 0.9388 130.0141 68.9933 182.1891 188.3935
2009_001120 0.7898 139.0227 104.3461 179.7003 191.0875
2009_001249 0.9289 100.8400 176.0266 180.0733 261.1609
2009_001249 0.9071 323.6391 172.5806 408.0743 257.8515
2009_001249 0.8369 215.5965 179.9082 291.3447 276.3784
2009_001249 0.6688 409.2549 106.2980 451.6925 204.1341
2009_001249 0.5052 214.6832 169.7888 302.6887 244.8983
2009_001299 0.7963 327.2607 94.6190 487.7586 219.3587
2009_001299 0.6775 468.5586 92.1703 500.0000 207.9438
2009_001299 0.6281 297.5421 90.4538 491.4430 323.9336
2009_001299 0.5717 59.7402 96.0254 119.6459 180.2463
2009_001313 0.7293 28.6916 157.7779 139.3059 284.9608
2009_001313 0.5059 347.9078 165.9813 451.4073 280.3749
2009_001371 0.9484 156.4969 52.1650 277.8111 273.1137
2009_001371 0.9360 367.3357 52.7565 463.7928 268.5601
2009_001371 0.9074 28.8293 82.8679 142.0340 287.7862
2009_001371 0.7408 32.9003 150.9157 135.2834 299.0979
2009_001371 0.6203 369.1378 137.1440 462.4249 265.3055
2009_001398 0.5758 78.9523 278.2360 137.1034 310.4551
2009_001426 0.9561 0.0000 146.8646 49.4077 251.8967
2009_001426 0.5680 378.6706 185.4413 481.5554 267.7418
2009_001426 0.5005 384.2677 161.4786 429.7060 179.3728
2009_001431 0.9821 62.1326 33.8064 293.7498 466.0102
2009_001431 0.6531 22.1118 54.1821 275.5742 337.1577
2009_001437 0.8266 228.3160 148.6104 267.8672 198.5569
2009_001437 0.7858 75.7716 171.9908 191.8442 274.7036
2009_001440 0.5102 0.0000 129.7253 49.2680 249.5120
2009_001447 0.6431 0.0000 221.8991 148.3273 368.5597
2009_001490 0.5107 15.0918 160.0475 425.6464 352.5343
2009_001575 0.5469 208.3513 43.7495 275.2497 151.6599
2009_001621 0.5043 103.2706 115.5791 240.4632 265.4816
2009_001623 0.9690 155.0732 2.5523 217.5744 163.7834
2009_001623 0.8075 158.3522 50.1354 214.9933 150.4690
2009_001623 0.7330 48.3208 0.4122 168.9026 218.4378
2009_001623 0.7025 163.7794 0.0000 275.9679 157.2703
2009_001752 0.5080 328.8672 98.2230 372.6396 160.2258
2009_001754 0.9556 353.5983 216.8660 406.7986 268.2167
2009_001754 0.9457 2.3561 204.5701 72.7707 294.4036
2009_001754 0.9049 267.8987 254.2502 405.1236 374.1490
2009_001754 0.7186 111.2842 221.4111 197.4964 369.1673
2009_001754 0.6695 136.3571 192.0014 195.5072 226.2338
2009_001754 0.5798 90.8052 218.3590 135.4386 366.3584
2009_001754 0.5260 254.9606 205.3379 290.2694 240.3461
2009_001775 0.7588 404.7348 193.6678 496.4636 306.6977
2009_001775 0.6400 193.1522 238.2614 260.0245 361.2889
2009_001830 0.6719 82.4398 220.0613 172.4997 328.2218
2009_001848 0.8788 314.8438 215.2281 375.0000 318.6518
2009_001881 0.5061 304.2924 4.9650 375.0000 163.4328
2009_001976 0.9884 217.9560 172.9285 319.7887 326.1207
2009_002003 0.9933 288.8260 27.7822 397.9799 252.7093
2009_002003 0.8649 126.9555 24.3327 234.9291 243.0992
2009_002003 0.6695 106.7573 36.9079 196.6478 184.0191
2009_002003 0.6201 144.6830 111.8607 230.1414 250.0772
2009_002003 0.5553 150.5895 42.4513 322.3613 254.1494
2009_002055 0.9761 242.5866 220.2323 342.7616 375.0000
2009_002055 0.9601 111.4264 227.6460 215.2497 375.0000
2009_002055 0.9598 0.3465 199.4012 42.5323 318.8033
2009_002055 0.9313 85.7732 273.6127 132.6828 363.5418
2009_002055 0.7100 228.6128 210.6084 276.9919 262.3714
2009_002055 0.6329 81.0975 211.2402 125.8282 262.3309
2009_002055 0.6264 90.2209 238.0511 150.7986 366.1403
2009_002055 0.5516 69.3340 252.5978 122.5631 363.0179
2009_002078 0.9913 294.7815 60.6145 434.1089 310.6949
2009_002078 0.9905 90.7206 131.8116 257.6017 342.7489
2009_002078 0.8490 39.7194 91.4180 120.9699 256.4315
2009_002078 0.8338 265.5424 65.1790 316.2062 102.7340
2009_002078 0.8106 163.3967 62.5755 211.3568 106.3959
2009_002139 0.5634 78.3859 225.7486 168.7337 316.7777
2009_002208 0.8575 15.9696 177.4507 130.4942 323.1876
2009_002232 0.6320 458.4306 259.6521 499.0097 370.7053
2009_002252 0.7515 105.3730 206.8344 286.3713 454.2963
2009_002252 0.6738 31.8454 15.0502 294.9835 454.3909
2009_002325 0.6654 382.7874 190.3020 497.5989 292.0493
2009_002328 0.9771 0.0000 22.7327 117.3478 139.8777
2009_002349 0.7105 240.8925 17.3158 374.3563 479.9583
2009_002349 0.6080 300.5053 244.4631 375.0000 486.5286
2009_002390 0.7893 12.3034 224.1954 59.2840 259.8723
2009_002415 0.9319 21.5243 27.6231 375.0000 447.2375
2009_002433 0.9237 198.7165 279.3873 287.6524 329.2801
2009_002433 0.5170 291.5701 224.9996 400.9383 327.2714
2009_002444 0.9055 126.1741 320.0328 224.2086 399.0912
2009_002444 0.6409 227.3567 301.1389 321.6926 368.4445
2009_002444 0.6068 65.4977 326.5017 222.2266 490.2302
2009_002471 0.8572 0.0000 233.6451 99.2518 375.0000
2009_002471 0.8517 1.1966 237.8049 164.1833 375.0000
2009_002471 0.5846 2.2255 187.9537 122.6059 373.3950
2009_002487 0.9884 278.3199 165.8268 374.8878 324.2005
2009_002487 0.9880 104.6197 165.6176 193.8599 318.0693
2009_002487 0.9508 283.6021 152.8285 337.8402 201.5333
2009_002487 0.9375 172.5994 149.0884 229.3152 185.5214
2009_002487 0.9106 279.2941 217.9814 364.0782 327.5602
2009_002524 0.7631 242.9923 277.7524 292.8435 369.9756
2009_002524 0.6769 374.2154 322.2576 425.2345 369.6989
2009_002524 0.5587 352.3783 352.2685 409.1436 369.7282
2009_002546 0.9626 209.9761 264.8771 278.1868 317.4139
2009_002546 0.9449 92.5908 276.3330 186.2154 362.4706
2009_002571 0.9213 226.9343 44.1362 334.4178 193.9511
2009_002571 0.9070 308.0061 21.5001 481.0678 208.7768
2009_002571 0.5895 246.4313 104.1900 333.9755 192.0735
2009_002634 0.6899 301.8607 313.5863 338.9875 353.1865
2009_002634 0.5571 85.7010 322.7675 126.1341 370.8472
2009_002663 0.9803 301.5472 142.1711 372.2364 202.4469
2009_002663 0.9559 341.0552 195.4242 467.5024 370.9028
2009_002663 0.9355 101.0840 141.7566 169.5084 214.2142
2009_002663 0.8125 0.0000 151.6051 48.7616 238.1011
2009_002663 0.7610 182.9817 267.0938 352.5692 374.8825
2009_002663 0.6283 476.0576 180.8059 499.7768 248.7936
2009_002663 0.5005 395.9036 180.7462 472.5237 252.6607
2009_002681 0.6440 379.9796 7.4760 480.1217 108.0648
2009_002683 0.7752 0.0000 339.6230 142.3435 399.0131
2009_002683 0.5257 94.5391 215.7031 254.0179 349.6340
2009_002698 0.9173 275.7104 268.8804 358.2363 406.1183
2009_002743 0.9918 286.5827 95.7558 348.9854 178.6507
2009_002743 0.9888 1.3116 200.9646 83.0390 368.0565
2009_002743 0.8305 342.3066 184.9833 443.1583 374.4354
2009_002743 0.7581 348.7667 113.7711 372.4259 174.9560
2009_002744 0.8571 18.8451 104.5297 75.7854 203.9798
2009_002744 0.8068 395.0673 188.2509 500.0000 374.9927
2009_002744 0.6357 80.2603 97.7688 130.6990 188.5456
2009_002755 0.8559 128.7355 41.5333 350.6879 342.7760
2009_002755 0.6116 255.4165 95.3298 343.2922 166.4619
2009_002755 0.5750 126.2757 46.5269 290.8132 197.9825
2009_002785 0.7746 14.9295 112.8919 147.7628 283.2019
2009_002816 0.9233 152.2947 312.0738 303.5313 500.0000
2009_002816 0.8998 294.5309 305.4467 375.0000 451.1699
2009_002978 0.9896 310.3514 274.2162 427.8424 374.6856
2009_002978 0.8901 318.8334 229.2797 385.1557 306.5043
2009_002978 0.8853 11.4847 238.3210 98.7925 371.4584
2009_003071 0.8830 12.8312 123.7761 151.1555 317.0582
2009_003098 0.9883 0.0000 4.4679 123.1317 105.0177
2009_003110 0.8914 304.7861 48.7731 482.6180 295.1965
2009_003110 0.6623 1.7557 0.0000 106.6103 118.9024
2009_003123 0.9667 1.8327 229.0164 74.0339 287.8701
2009_003140 0.8412 242.4416 208.6077 400.7664 372.6521
2009_003150 0.9658 208.9641 258.6852 298.7466 331.0000
2009_003150 0.9516 403.8613 228.1006 491.0318 331.0000
2009_003150 0.9448 320.0422 248.8017 410.0334 331.0000
2009_003150 0.8950 151.8492 199.4220 212.1052 305.5552
2009_003154 0.5270 438.7567 181.5336 500.0000 321.4528
2009_003198 0.9562 216.5070 221.2958 384.1060 373.0460
2009_003198 0.9283 146.8947 182.1041 211.7236 229.6443
2009_003198 0.7806 85.1994 168.0431 143.8589 223.8559
2009_003198 0.6704 373.6170 230.7270 404.3060 282.6342
2009_003198 0.6658 7.5210 244.8235 187.0884 375.0000
2009_003217 0.6104 430.3877 166.1359 500.0000 268.0966
2009_003251 0.8356 0.0000 243.6856 183.1292 375.0000
2009_003282 0.9418 289.3066 189.7855 371.0275 343.3202
2009_003282 0.5590 41.1500 159.4285 375.0000 439.0407
2009_003323 0.8951 59.2346 317.1583 143.3758 434.3311
2009_003323 0.5468 52.3071 261.6723 152.5265 427.0623
2009_003400 0.7899 210.3052 61.8558 242.7945 107.6084
2009_003415 0.6131 84.6717 3.7892 387.5182 281.0000
2009_003415 0.5882 1.3366 7.7620 106.9338 191.2318
2009_003440 0.9038 206.9174 284.5973 266.8098 368.2289
2009_003440 0.8479 166.3963 216.4927 229.6269 283.8132
2009_003440 0.5882 190.7298 179.4969 218.4618 217.2377
2009_003494 0.9879 0.0000 311.6660 105.8898 479.5518
2009_003494 0.9784 135.0202 263.3062 296.7915 494.1404
2009_003507 0.9450 129.6639 344.3932 278.9252 496.1122
2009_003508 0.9667 190.4385 310.8807 230.7215 370.2515
2009_003508 0.9419 277.4293 290.2616 323.9286 340.3608
2009_003508 0.9411 167.7207 120.7098 195.4173 163.7660
2009_003508 0.9215 455.5358 255.3333 500.0000 314.3478
2009_003508 0.9080 396.7125 318.5782 429.1009 361.4983
2009_003508 0.9078 309.2711 163.5194 344.5011 212.6715
2009_003508 0.8938 227.1982 310.9654 269.2607 370.2075
2009_003508 0.8454 351.8793 238.1633 387.7038 292.9934
2009_003508 0.8423 253.5918 237.6139 288.4960 293.2452
2009_003508 0.8118 412.2073 194.1670 447.2277 250.7019
2009_003508 0.8104 91.1783 267.0603 119.2089 307.2344
2009_003508 0.7260 341.1958 156.3524 385.3331 207.2469
2009_003508 0.6820 148.9934 211.0973 183.3546 265.8901
2009_003508 0.6455 357.0019 124.7116 385.3204 160.0324
2009_003508 0.6026 283.1055 186.0344 314.1780 226.7296
2009_003508 0.5738 295.4509 161.8167 339.0025 222.2623
2009_003508 0.5642 354.7219 124.4500 387.4123 176.8105
2009_003554 0.9514 390.6235 161.8650 463.2247 253.5645
2009_003554 0.6605 34.3915 194.9801 113.0804 330.5907
2009_003564 0.5300 307.4695 251.2410 421.6618 375.0000
2009_003581 0.8137 144.4296 254.3895 309.6640 475.1351
2009_003581 0.8113 70.5636 238.3977 293.7016 496.5905
2009_003607 0.7936 428.8709 56.2225 499.2301 164.4312
2009_003607 0.6566 0.0000 195.3134 78.2118 340.1970
2009_003671 0.8282 328.9801 131.1467 500.0000 295.1014
2009_003671 0.7973 315.5825 192.6863 494.0945 306.3624
2009_003671 0.7147 3.2427 131.6246 27.7283 163.5106
2009_003671 0.6082 129.0896 96.9347 170.8604 125.0681
2009_003671 0.6017 410.8155 118.1990 500.0000 217.9272
2009_003759 0.9454 179.1488 185.9518 286.3914 326.0513
2009_003759 0.6088 120.9275 166.8375 164.5180 195.2481
2009_003785 0.5200 373.8397 244.0789 500.0000 375.0000
2009_003813 0.8183 30.5208 49.2204 314.1331 460.4849
2009_003835 0.9657 321.9202 215.1888 398.5776 317.9872
2009_003835 0.9291 249.8156 207.0176 318.7272 306.9944
2009_003840 0.9873 204.3927 252.2140 292.2999 375.0000
2009_003840 0.8281 21.8064 231.2061 85.6487 283.8685
2009_003840 0.8152 288.0676 244.4251 408.6095 374.9989
2009_003840 0.8140 47.3732 325.7994 208.2505 372.9623
2009_003840 0.5884 29.9113 229.9123 231.1556 375.0000
2009_003849 0.9900 363.0314 190.4427 491.2202 369.0142
2009_003884 0.9628 0.0000 168.1628 173.9325 357.0654
2009_003884 0.9574 0.0000 172.4756 105.4486 367.9559
2009_003884 0.9147 84.2102 187.0561 300.3060 483.3155
2009_003884 0.7459 0.5292 166.3352 47.8018 251.4515
2009_003884 0.6892 129.7204 192.6040 296.9544 302.9711
2009_003884 0.6784 94.5411 255.5484 269.0491 468.9253
2009_003884 0.6396 0.0000 169.7667 69.0386 296.1100
2009_003884 0.6374 103.1298 196.0086 287.4234 394.6680
2009_003884 0.5962 42.4873 160.5422 196.6184 294.9760
2009_003884 0.5644 10.1273 167.8412 225.9886 437.2168
2009_003973 0.9947 397.8068 179.7940 481.3499 298.4411
2009_003973 0.9890 72.8176 210.8680 230.6957 372.0000
2009_003973 0.9838 253.0319 201.7883 366.0067 369.3183
2009_003973 0.8125 350.7338 186.3259 383.4578 314.5893
2009_003973 0.7611 116.9311 191.1795 170.3161 245.4166
2009_003973 0.6823 189.2893 181.2853 227.0940 231.2244
2009_003991 0.8169 215.5000 125.9628 327.7786 342.3348
2009_004016 0.5262 5.4619 60.3376 232.5999 315.6857
2009_004032 0.8184 82.4886 83.6610 129.4511 145.4737
2009_004092 0.9407 325.5799 201.1138 445.5894 371.2972
2009_004092 0.9176 316.5349 140.1773 465.4660 367.2171
2009_004129 0.9954 163.9580 124.8702 315.1149 344.9504
2009_004129 0.8050 173.0572 122.0311 301.1366 276.0689
2009_004131 0.9587 74.0033 202.5748 176.4660 373.6962
2009_004131 0.8885 159.2417 145.9664 243.4702 239.1789
2009_004131 0.8540 145.8479 190.7816 411.7238 375.0000
2009_004131 0.8210 381.5559 245.8858 476.4412 369.6440
2009_004131 0.5139 61.0596 136.3886 191.0229 370.3128
2009_004140 0.9189 284.5198 217.6713 500.0000 373.1359
2009_004140 0.8504 304.9196 181.0352 393.7915 250.2288
2009_004140 0.7649 39.3280 214.1244 255.4576 368.9824
2009_004140 0.7572 403.5266 168.5003 496.1654 232.8152
2009_004140 0.5921 391.1359 173.9810 473.2339 255.2961
2009_004152 0.6716 319.1751 152.1077 346.5530 215.0581
2009_004217 0.9868 114.4513 249.5099 215.7806 411.3361
2009_004243 0.9523 89.1417 177.2951 181.2180 314.3746
2009_004243 0.8779 90.0181 171.1752 125.5910 250.2605
2009_004307 0.9639 0.0000 20.7649 122.4349 224.7894
2009_004307 0.9080 0.0000 29.2249 110.6525 138.3334
2009_004307 0.8384 149.9863 9.8633 218.4980 87.9160
2009_004377 0.5005 152.5954 259.5429 348.0588 371.9590
2009_004419 0.9048 101.9882 169.4900 175.9885 220.4084
2009_004419 0.5603 49.0533 184.8341 106.9911 339.3064
2009_004499 0.9783 18.5372 86.3473 180.4563 355.0934
2009_004499 0.9575 213.7760 94.7568 360.5969 331.0726
2009_004499 0.8792 178.8994 54.0421 242.9831 132.3479
2009_004499 0.8734 381.4803 168.2561 462.7314 290.4921
2009_004499 0.8685 412.4300 65.6100 467.8290 142.0828
2009_004499 0.8028 285.5518 52.3753 337.3963 84.8002
2009_004499 0.7932 346.8978 63.1426 467.8052 301.1185
2009_004532 0.8396 0.1189 139.8758 134.7437 263.9282
2009_004532 0.8058 379.0528 123.6119 480.8591 206.2867
2009_004532 0.6717 136.1512 127.9745 236.5654 196.6250
2009_004536 0.6368 15.2545 41.6585 307.3724 435.6308
2009_004537 0.9871 21.8390 310.2954 121.0554 487.4525
2009_004697 0.7260 364.5537 13.4379 456.3116 113.2394
2009_004706 0.5622 132.4297 90.9353 210.8729 140.7299
2009_004746 0.9953 23.7028 64.8222 208.2075 375.3776
2009_004746 0.7663 51.7390 179.7480 225.6682 390.9326
2009_004769 0.9752 96.4818 419.7289 250.1671 499.4995
2009_004769 0.9705 274.5304 391.6520 375.0000 499.1079
2009_004784 0.8686 177.1772 215.4330 281.2952 330.4377
2009_004784 0.6564 304.7931 273.1296 385.6522 328.8271
2009_004823 0.8208 138.2876 257.9475 231.2060 339.0576
2009_004823 0.8139 116.0082 217.4281 226.4677 334.7491
2009_004823 0.7794 104.2296 213.1075 203.2214 313.6982
2009_004869 0.9324 218.8529 14.6732 484.6012 302.3710
2009_004876 0.9513 4.3275 4.1534 371.6204 267.5851
2009_004922 0.7421 82.3099 127.6781 259.4253 326.9715
2009_004969 0.8637 391.1044 195.4305 433.0367 233.2320
2009_004969 0.6480 0.0000 139.6105 57.8388 207.3222
2009_004971 0.9054 0.0000 4.9221 113.0524 155.1933
2009_004971 0.7359 0.2575 3.4438 165.0511 185.2183
2009_004971 0.6956 142.7889 0.0000 246.4681 64.7996
2009_004971 0.5736 34.3722 0.0000 341.7619 109.7673
2009_004971 0.5386 15.5128 0.0000 168.0451 126.7093
2009_004971 0.5153 0.0000 5.1726 317.4808 204.7660
2009_005008 0.5334 426.1475 36.3007 498.1939 374.2858
2009_005062 0.8753 31.4617 174.9473 183.9053 390.2198
2009_005080 0.9413 110.6458 206.9640 228.6962 372.1655
2009_005080 0.9063 285.6256 162.8250 369.8576 268.3711
2009_005080 0.6649 0.0000 163.0491 37.1474 217.4389
2009_005086 0.6455 0.7750 163.3467 39.9657 221.6550
2009_005165 0.8503 250.9099 282.5095 375.0000 489.5728
2009_005171 0.9855 0.0000 177.8751 145.0684 372.2760
2009_005171 0.9836 139.1147 169.5948 255.5834 371.4514
2009_005171 0.8637 264.5352 212.0854 326.1550 303.7567
2009_005171 0.7683 434.5417 212.1768 500.0000 283.7475
2009_005171 0.6445 295.2027 282.3337 481.2922 374.7772
2009_005202 0.9740 320.5064 221.6482 500.0000 368.0924
2009_005202 0.9466 313.4110 137.4658 494.1041 366.8983
2009_005202 0.8845 1.3917 89.6546 39.7157 162.1980
2009_005202 0.8410 230.9307 115.3408 459.7096 364.1978
2009_005202 0.7328 9.7240 118.0192 286.9326 369.3896
2009_005202 0.6209 55.2341 98.0037 417.7480 366.4754
2009_005202 0.6205 23.0338 73.3561 112.4937 155.3480
2009_005204 0.6917 5.6264 179.6340 327.6241 500.0000
2009_005211 0.5929 182.4657 68.2144 242.2262 117.9496
2009_005257 0.9588 293.1402 214.8164 444.7415 364.1591
2009_005286 0.8113 300.9993 156.5479 361.4393 221.8883
2009_005286 0.7264 287.3220 141.7506 347.7299 201.9283
2010_000003 0.5989 13.0833 112.0296 305.8340 362.9676
2010_000015 0.7386 341.4673 75.1838 444.9116 151.9061
2010_000090 0.9204 371.6770 20.1167 496.3176 375.0000
2010_000127 0.5641 9.4445 3.7105 153.4491 117.2906
2010_000178 0.9421 148.3416 298.2641 210.9953 366.2881
2010_000178 0.8961 322.2943 231.8423 428.9686 340.9345
2010_000199 0.5159 0.0000 207.3100 41.7481 274.3669
2010_000318 0.8803 152.5197 104.1168 259.3712 226.6913
2010_000349 0.9807 70.4880 194.5251 110.7977 275.5266
2010_000349 0.6358 150.4020 201.1654 217.7997 252.6900
2010_000379 0.6939 0.0000 143.2747 25.8120 265.1895
2010_000384 0.7852 51.7636 42.1707 437.1385 333.0000
2010_000384 0.7072 25.4480 20.2732 190.9109 333.0000
2010_000384 0.5980 248.9221 189.2336 421.7231 333.0000
2010_000384 0.5921 188.0649 12.7419 468.4333 325.0058
2010_000384 0.5689 28.6902 149.9136 429.4342 333.0000
2010_000431 0.9072 0.4541 248.7919 146.6990 483.3365
2010_000435 0.9119 158.8488 204.2926 315.4887 366.8290
2010_000435 0.8197 374.6018 188.0572 500.0000 317.9041
2010_000435 0.6782 312.2482 246.3997 493.0982 375.0000
2010_000461 0.7891 446.9519 155.2888 499.9435 365.4772
2010_000470 0.8219 238.6222 15.4519 379.2067 302.5232
2010_000485 0.5888 50.3647 205.5837 288.0302 449.0771
2010_000497 0.9597 1.3505 7.9610 229.1844 253.9184
2010_000497 0.6868 13.0081 33.5296 142.9951 233.3033
2010_000497 0.5021 5.6909 0.0000 138.7771 76.3940
2010_000602 0.7158 296.2435 128.0377 341.4961 201.6382
2010_000602 0.5895 150.6586 170.1492 212.6533 215.7572
2010_000646 0.9719 120.6711 179.0426 171.0089 266.8603
2010_000646 0.7802 0.0000 279.0024 118.5148 375.0000
2010_000646 0.5948 15.7298 158.1777 80.8913 248.6983
2010_000669 0.8672 331.4966 314.3895 391.5807 372.9181
2010_000669 0.8395 3.6830 316.7483 110.8640 375.0000
2010_000669 0.6806 50.9931 272.7292 122.2467 317.5088
2010_000669 0.6742 269.8609 282.8877 309.3952 362.3497
2010_000705 0.9142 444.8998 205.7601 499.4082 311.6784
2010_000705 0.8433 197.3402 318.7525 297.5633 371.8789
2010_000705 0.7222 61.2290 221.7698 120.5833 307.7303
2010_000705 0.6519 313.7247 210.1979 450.2753 313.4962
2010_000705 0.6164 295.0380 296.1436 488.3213 370.2531
2010_000712 0.5446 8.3155 259.1275 241.0834 373.9096
2010_000754 0.9739 11.0585 232.9955 97.3512 331.8766
2010_000754 0.9326 270.4066 213.1728 396.6632 331.6511
2010_000761 0.6291 129.6157 14.6103 342.9708 274.1620
2010_000821 0.9697 247.1124 200.8623 348.3049 371.6424
2010_000821 0.9464 319.2831 241.8650 446.7165 372.7537
2010_000821 0.8471 282.9342 218.3853 428.8047 372.3349
2010_000944 0.7224 78.3769 314.8185 319.5000 372.7223
2010_000968 0.9245 13.9718 142.4876 231.3398 353.5814
2010_000968 0.8092 186.1479 73.8647 400.4336 203.8523
2010_001163 0.8515 1.9883 162.4475 107.2340 246.4483
2010_001163 0.6274 1.2593 169.0043 156.9508 332.7792
2010_001189 0.8621 49.0120 174.1144 164.0883 307.0574
2010_001189 0.5486 215.8019 286.9233 335.9304 364.7227
2010_001216 0.9190 372.4977 4.7976 491.6991 295.7837
2010_001216 0.5485 284.4473 0.0000 488.7650 287.9529
2010_001343 0.8943 265.0963 205.6848 332.0365 296.0974
2010_001343 0.8709 48.1061 173.1003 144.6806 241.7336
2010_001351 0.5055 61.5114 2.5179 500.0000 287.4314
2010_001455 0.9457 19.6741 305.2057 115.4913 460.1238
2010_001455 0.9453 115.6760 312.7044 212.1520 455.9013
2010_001528 0.9119 385.5377 233.2637 490.4493 350.1713
2010_001535 0.9818 310.8615 122.7880 480.9803 300.6713
2010_001535 0.7860 368.2705 101.8133 454.8383 197.6160
2010_001553 0.7035 0.5671 35.3344 109.8215 239.3327
2010_001553 0.5621 1.8556 140.7236 94.9381 252.9429
2010_001574 0.9727 118.4152 128.6201 210.3044 250.4085
2010_001574 0.9649 52.5451 112.1143 128.8377 219.5786
2010_001579 0.6474 292.8978 176.9971 325.0056 246.5826
2010_001606 0.5467 117.9197 308.2034 255.2278 487.7631
2010_001625 0.6632 367.4563 180.8809 399.2726 209.5766
2010_001645 0.5056 476.7668 193.5046 500.0000 332.0000
2010_001680 0.9593 6.3902 0.0000 141.8232 134.9068
2010_001680 0.8009 406.7545 193.8303 500.0000 375.0000
2010_001682 0.9549 386.6008 125.1656 465.5994 306.5075
2010_001682 0.7992 144.8201 117.6404 221.6720 203.0590
2010_001720 0.5906 217.1195 33.4737 492.8911 318.1147
2010_001731 0.9101 110.6512 20.9150 379.9509 480.0017
2010_001823 0.9897 126.8608 340.4468 230.5642 494.3546
2010_001823 0.9858 239.7706 369.2088 332.3523 499.0483
2010_001851 0.9899 34.4189 210.5656 122.3551 358.3856
2010_001851 0.9616 219.4936 205.4041 305.2952 337.9106
2010_001862 0.8951 198.9212 136.1376 485.2707 370.8999
2010_001862 0.7515 130.5325 55.4684 470.6308 365.7225
2010_001862 0.6090 206.4066 244.9602 410.3151 373.4968
2010_001863 0.6627 0.0000 398.5456 114.5789 499.1067
2010_001907 0.7311 385.3437 81.2070 500.0000 160.6651
2010_002050 0.8082 36.5819 0.0000 205.9630 119.8376
2010_002050 0.7745 182.0473 0.0084 260.1192 76.2437
2010_002050 0.5776 0.0000 25.0259 129.8009 222.5585
2010_002058 0.6930 0.0000 205.2675 74.0729 401.1525
2010_002199 0.9461 220.2302 254.7263 302.9617 347.1806
2010_002199 0.6395 70.1450 264.0595 154.6304 350.3951
2010_002211 0.8288 122.0621 413.9583 199.0593 466.2695
2010_002228 0.8767 5.8206 56.7752 120.8504 270.4594
2010_002255 0.6537 0.1934 62.8719 54.5428 139.2868
2010_002287 0.6090 370.4331 87.0956 498.7488 187.7199
2010_002316 0.6320 9.3681 324.3805 108.2064 396.0960
2010_002319 0.9266 34.4375 155.0139 235.6725 369.4277
2010_002336 0.9867 145.9914 144.5901 368.2627 451.8594
2010_002336 0.9463 0.0000 140.9754 161.7112 388.2538
2010_002336 0.5674 205.0137 148.8201 372.7805 403.4623
2010_002337 0.9304 6.8986 108.0444 224.7885 313.2243
2010_002337 0.7727 350.2939 122.8683 419.4596 194.9145
2010_002366 0.9091 145.1161 341.9661 297.0497 500.0000
2010_002366 0.8354 0.0000 329.0631 61.9058 373.9018
2010_002366 0.5826 2.2821 405.7183 95.0919 492.2863
2010_002383 0.9911 135.1634 146.7035 272.6347 322.4855
2010_002383 0.9469 140.2303 142.7592 267.7360 252.6555
2010_002402 0.8648 323.4111 253.6772 421.4651 358.8965
2010_002402 0.8300 296.3551 249.3053 433.9097 392.1125
2010_002420 0.5432 38.5272 233.6116 90.1037 290.7400
2010_002427 0.8040 0.0000 164.3589 124.6176 328.8687
2010_002427 0.5065 11.1398 108.2291 265.7934 333.0000
2010_002531 0.5734 64.9619 0.0000 500.0000 240.6344
2010_002538 0.9683 156.0686 335.8824 218.4514 401.9718
2010_002538 0.9232 242.1693 334.7637 303.4167 404.9307
2010_002603 0.8504 257.5298 305.6084 374.0630 478.0219
2010_002603 0.7458 16.9088 232.4798 101.1776 408.8210
2010_002605 0.9438 30.4928 213.1330 169.7651 427.8558
2010_002605 0.9194 300.3947 195.9532 371.1406 428.8566
2010_002605 0.8226 132.2972 63.3302 342.4345 434.4823
2010_002605 0.6358 4.9310 220.6918 37.2670 344.0795
2010_002639 0.9753 303.7930 289.4727 490.6631 372.6088
2010_002639 0.9613 19.2420 224.0870 151.2295 374.3742
2010_002639 0.9214 251.9149 152.2187 305.9600 193.3486
2010_002639 0.8414 354.4731 173.0080 435.0667 237.5888
2010_002639 0.7746 68.7306 143.0532 140.7085 171.1086
2010_002639 0.7740 203.8552 120.2970 268.3405 169.9949
2010_002639 0.7593 368.7509 297.6058 486.4277 374.6714
2010_002639 0.6536 8.6382 237.7235 72.7036 369.2706
2010_002714 0.6501 288.6484 97.2833 334.2475 164.3704
2010_002714 0.5852 119.4656 110.9820 175.8974 191.6990
2010_002721 0.8046 374.7142 64.5315 472.9452 138.3219
2010_002721 0.6331 0.0000 129.1995 86.0672 367.0036
2010_002728 0.9883 130.3637 174.3676 278.4020 363.7084
2010_002728 0.9670 301.4814 178.5940 403.5645 362.6646
2010_002877 0.8534 108.8518 202.3973 192.2698 338.0000
2010_002877 0.5358 196.8711 222.2655 269.9171 337.7618
2010_002881 0.8825 27.8589 58.7382 237.3297 338.0000
2010_002881 0.7950 55.5678 100.2255 203.3570 328.7516
2010_002921 0.9861 117.8645 265.8760 289.2293 373.8741
2010_002921 0.8827 0.0000 219.6937 102.2237 371.7874
2010_002921 0.6940 9.8034 259.7779 122.4981 369.9192
2010_002958 0.9552 21.4338 119.5824 268.3987 398.3791
2010_002958 0.8866 168.0450 196.0132 332.0000 462.8944
2010_002958 0.6629 118.5160 130.3988 327.8973 472.2361
2010_002958 0.5568 0.0000 248.6248 98.4819 422.0189
2010_003103 0.9776 6.9840 231.9559 231.1894 443.0526
2010_003154 0.9760 291.0022 269.2505 396.1982 374.2613
2010_003154 0.9574 138.3454 246.4395 186.5217 296.1614
2010_003154 0.9557 139.9139 292.3447 235.3368 372.4106
2010_003154 0.5438 271.9074 236.3122 332.7764 269.3780
2010_003220 0.9209 263.2448 313.9477 411.2379 373.1234
2010_003287 0.6583 38.3927 211.2471 83.9914 323.0730
2010_003287 0.6276 179.6285 174.8792 224.2063 220.9597
2010_003302 0.9673 185.4956 209.1211 366.0021 375.0000
2010_003302 0.8660 32.9061 205.5859 157.0809 372.6267
2010_003325 0.8361 159.4021 8.8951 485.2951 318.6936
2010_003325 0.7330 382.8502 144.4730 490.7848 286.3632
2010_003325 0.6436 375.1022 15.3553 498.5168 310.4879
2010_003325 0.5720 90.5668 0.0000 335.6411 348.7055
2010_003398 0.8631 103.2099 229.2376 293.1743 375.0000
2010_003409 0.8017 269.7516 232.1499 321.3318 329.6155
2010_003409 0.6861 209.2293 224.9820 240.6429 318.6713
2010_003520 0.9460 108.3514 371.6112 185.9308 419.3196
2010_003520 0.6735 83.1147 367.9410 180.7800 425.5644
2010_003520 0.6022 287.2431 450.9016 367.6945 500.0000
2010_003520 0.5359 17.3822 389.5164 88.5669 489.2712
2010_003527 0.5463 123.0855 0.0000 493.3620 333.0000
2010_003531 0.9714 87.1630 242.9615 174.1471 374.2843
2010_003531 0.9487 161.9914 252.3590 290.3144 375.0000
2010_003531 0.9340 385.2572 226.1274 457.1405 277.8333
2010_003531 0.9123 298.2167 267.2557 398.5044 373.7892
2010_003531 0.8281 64.0773 221.3851 113.1859 274.0359
2010_003540 0.6709 437.1178 193.1765 496.8621 257.2275
2010_003563 0.5840 58.8762 319.0490 183.9684 488.1205
2010_003579 0.7131 5.5263 57.4115 320.8970 427.7824
2010_003597 0.6778 312.5656 205.0851 478.9865 374.1391
2010_003632 0.6778 5.0446 299.4182 75.3191 371.6417
2010_003632 0.5576 441.1667 295.7831 494.1228 371.6052
2010_003641 0.7521 344.6445 0.0978 500.0000 160.9877
2010_003728 0.9616 404.8290 212.4627 498.7087 297.2505
2010_003728 0.6104 404.2219 207.0667 470.5991 271.3347
2010_003758 0.6427 82.2477 0.0000 388.4344 311.6059
2010_003854 0.6264 1.8952 279.3917 47.9907 333.0000
2010_003861 0.8889 355.6565 104.4197 498.2061 299.9516
2010_003898 0.5950 0.0000 14.5882 127.8476 116.1579
2010_003943 0.8906 139.1805 4.4703 175.8312 61.6689
2010_003971 0.8982 0.0000 133.6773 134.9593 490.2278
2010_003971 0.8603 0.0000 155.5308 342.9503 485.9810
2010_003971 0.7033 20.4338 306.7817 349.6224 496.4521
2010_003971 0.6590 75.8494 194.2721 401.5119 488.9106
2010_003971 0.6049 0.9187 162.8611 211.1099 491.1169
2010_003971 0.5572 28.6059 390.1900 310.7015 498.2573
2010_003976 0.9718 338.7863 130.9287 496.8315 267.7299
2010_004023 0.5330 0.0000 7.0167 118.3487 124.4283
2010_004050 0.8011 1.9462 194.6046 102.9337 343.1140
2010_004088 0.5610 387.6489 262.3383 497.4995 371.1686
2010_004095 0.9076 3.4957 214.2706 116.2501 344.6801
2010_004095 0.5631 306.9397 228.9811 485.3055 374.5847
2010_004125 0.5228 13.3432 319.8892 172.0525 372.3278
2010_004173 0.6569 0.0000 297.9670 218.9195 500.0000
2010_004229 0.8766 48.7902 158.1455 187.2029 370.3001
2010_004229 0.6651 19.3310 95.4418 224.0423 362.8953
2010_004278 0.9715 4.5763 114.2480 234.2010 360.1998
2010_004278 0.9613 302.0078 92.6691 478.1269 364.1180
2010_004278 0.6478 23.2486 10.4479 106.8950 77.1256
2010_004278 0.6147 23.3997 63.1851 304.1140 344.3276
2010_004278 0.5606 216.9332 2.9623 353.5333 47.2880
2010_004278 0.5527 410.3587 90.7657 494.0168 298.7955
2010_004278 0.5146 158.3184 25.1811 432.5150 366.6649
2010_004279 0.7295 404.3140 0.0000 500.0000 262.6478
2010_004313 0.6651 95.0985 48.6116 154.3847 82.7351
2010_004345 0.7939 0.0000 342.8811 53.2292 374.5234
2010_004345 0.6987 388.7958 167.5903 500.0000 329.8281
2010_004380 0.8793 0.0000 116.8264 74.7223 222.6240
2010_004380 0.7757 2.1112 108.3858 75.0926 164.6951
2010_004509 0.9767 324.9878 124.1710 407.9255 217.6595
2010_004509 0.8926 249.4964 118.5641 339.7902 222.9812
2010_004543 0.9458 338.1322 129.9681 377.3397 216.2122
2010_004543 0.7933 84.6841 320.4602 227.5909 373.4208
2010_004597 0.7518 62.2340 237.1877 210.6390 373.4256
2010_004597 0.6942 41.8266 170.1521 135.2232 371.0154
2010_004692 0.7535 211.8865 88.2849 265.2114 113.6844
2010_004722 0.7310 385.2781 3.5596 499.0161 212.7030
2010_004763 0.9729 323.8494 30.1124 460.6461 307.8313
2010_004763 0.9251 26.9591 41.8256 316.5502 353.9154
2010_004763 0.8758 298.6918 179.2805 348.7787 292.7007
2010_004763 0.8459 7.8641 115.9049 113.3499 313.7041
2010_004763 0.8027 376.8260 15.7919 489.0693 300.6112
2010_004763 0.7718 2.2654 148.5812 52.3941 262.3978
2010_004763 0.7107 283.0117 5.8124 500.0000 296.2540
2010_004763 0.6731 372.7887 33.8631 444.1420 135.9514
2010_004763 0.6415 8.3988 34.8723 192.2396 338.6930
2010_004763 0.6388 99.7509 8.6714 411.7285 336.0086
2010_004763 0.5650 440.0975 9.1580 499.8170 295.5594
2010_004763 0.5230 215.1207 0.0000 461.7254 328.5329
2010_004775 0.9890 206.6382 232.6207 280.9709 364.8758
2010_004778 0.5263 0.0445 257.0376 169.0378 373.4440
2010_004783 0.9920 138.4190 148.4396 355.0419 327.2917
2010_004783 0.9913 3.4956 181.9230 115.9424 366.4175
2010_004783 0.9858 401.3340 153.7838 498.9918 304.8656
2010_004783 0.5415 26.1581 230.6222 112.2155 366.3227
2010_004786 0.5657 351.3334 71.6376 498.7743 375.0000
2010_004786 0.5303 419.7246 34.9636 497.2960 126.5689
2010_004813 0.9964 3.8773 22.9869 224.3828 279.0706
2010_004909 0.8037 427.5335 213.0330 500.0000 367.2103
2010_004909 0.7138 86.2451 127.6337 164.1829 211.7056
2010_004909 0.5431 329.8880 110.1304 404.1849 156.2082
2010_004957 0.6159 13.1577 181.9152 283.8362 495.7409
2010_004982 0.8831 286.0598 105.2872 366.0000 227.2151
2010_004992 0.9299 80.9000 29.8899 185.2656 108.5083
2010_004992 0.7201 96.9079 93.4692 375.0000 482.5416
2010_004992 0.6655 175.7827 155.5618 373.2556 499.2557
2010_005008 0.8530 1.2510 17.9319 108.8119 202.0448
2010_005021 0.8392 4.3544 32.9828 500.0000 281.8499
2010_005044 0.7530 69.9046 132.8587 311.8798 482.7831
2010_005044 0.7439 90.4824 125.0925 170.7740 189.3877
2010_005044 0.5687 94.3031 109.7080 315.4686 359.8565
2010_005167 0.9431 451.2414 200.6088 499.0283 366.1296
2010_005188 0.8922 152.4571 199.1115 319.3850 367.0486
2010_005222 0.9655 328.5765 146.5682 459.8047 361.2901
2010_005242 0.5176 443.9182 2.6192 500.0000 112.8444
2010_005243 0.9261 420.8101 179.8353 462.5479 242.5413
2010_005243 0.7671 185.2779 224.0375 320.2736 333.0000
2010_005372 0.9371 66.7007 315.2564 225.9027 500.0000
2010_005398 0.9889 407.4074 155.9549 460.9910 283.9698
2010_005398 0.9445 163.2153 167.0502 231.1282 240.2644
2010_005398 0.8549 352.6112 169.8769 421.4884 310.4282
2010_005398 0.5495 268.4690 167.2891 338.8808 265.2498
2010_005398 0.5083 326.9064 179.9092 412.0402 314.3664
2010_005455 0.5041 151.5199 84.8615 218.3920 149.2945
2010_005493 0.8753 81.2799 127.9979 349.9160 480.0480
2010_005493 0.8456 12.7857 36.7251 300.2979 468.0864
2010_005493 0.8083 53.6960 84.0545 207.2376 244.7982
2010_005493 0.6226 77.0815 77.2757 264.4318 235.7678
2010_005610 0.6966 434.8322 150.9343 499.7478 300.6126
2010_005620 0.9386 0.0000 230.8458 153.9048 343.2452
2010_005654 0.6554 271.3288 267.8065 375.1873 367.9211
2010_005666 0.6135 439.2426 9.1808 497.9433 125.3436
2010_005666 0.5475 437.2980 3.7554 495.8224 35.0126
2010_005754 0.9525 70.6660 256.1847 252.8807 486.8391
2010_005764 0.5791 380.5698 73.1126 492.1555 282.2084
2010_005843 0.7080 157.0130 351.5750 284.0463 500.0000
2010_005843 0.6693 129.4406 267.6175 325.1138 476.6766
2010_005882 0.8948 353.2213 163.8017 498.8764 368.3598
2010_005882 0.8235 0.0000 173.9156 148.0031 369.4715
2010_005894 0.9607 304.1729 129.8586 462.6667 332.2548
2010_005894 0.6081 76.2049 78.4497 148.2031 214.2545
2010_005894 0.5246 77.8713 76.6323 144.8857 138.8475
2010_005901 0.6292 120.6188 212.1935 160.6437 248.4481
2010_005901 0.5025 457.1846 224.7589 498.6433 317.6178
2010_005938 0.8641 181.6060 0.0000 231.1344 57.3569
2010_005997 0.6387 180.4383 149.5101 211.5450 193.1800
2010_006010 0.7505 273.2797 266.0924 340.5302 308.5753
2010_006041 0.9647 92.0382 159.3863 256.4745 332.9735
2010_006041 0.5664 95.4461 156.9377 241.6175 233.7705
2010_006056 0.6885 68.9644 205.2421 202.5928 373.7315
2011_000009 0.7503 198.3264 210.3891 430.8893 375.0000
2011_000009 0.6844 395.4130 196.2651 500.0000 375.0000
2011_000016 0.8836 159.0607 290.9537 334.1587 372.6014
2011_000016 0.8779 123.7893 246.7477 190.1439 368.2617
2011_000016 0.7376 35.3780 176.6930 108.5637 292.5172
2011_000016 0.6651 349.0462 209.1233 405.6844 247.5951
2011_000016 0.6569 88.8341 204.6346 139.1072 325.7524
2011_000036 0.6572 2.4870 321.4540 144.0616 370.4453
2011_000037 0.9783 64.3597 228.0366 167.3558 363.4903
2011_000037 0.6553 95.4408 186.3166 136.7012 232.7441
2011_000065 0.8862 0.0000 129.7615 139.9789 360.0419
2011_000065 0.8590 203.2905 125.6023 431.6984 365.8738
2011_000065 0.6735 0.0325 92.8653 203.4627 375.0000
2011_000082 0.7464 294.6893 125.9754 461.4161 315.5699
2011_000084 0.8133 162.8447 1.5659 289.6505 57.0382
2011_000098 0.9784 55.4278 186.1709 207.0181 373.6450
2011_000098 0.9284 120.4741 114.2640 242.2377 174.1028
2011_000098 0.6062 61.3737 138.2245 122.4087 211.4435
2011_000226 0.9073 280.4131 228.1409 370.8644 490.8352
2011_000288 0.9980 6.4770 161.4785 207.8088 499.0332
2011_000288 0.8988 28.6893 276.7058 211.1364 494.4862
2011_000307 0.5768 188.6275 8.7533 275.9116 75.7584
2011_000322 0.7226 165.6822 258.7399 226.6851 326.5193
2011_000322 0.5480 148.1727 303.5774 359.5212 488.3090
2011_000322 0.5328 150.9533 320.4305 281.4996 493.5125
2011_000338 0.9673 119.2161 261.3131 218.2001 375.0000
2011_000338 0.8497 119.4436 237.0511 179.9680 279.2201
2011_000338 0.8052 34.5700 286.9606 131.1636 375.0000
2011_000364 0.8080 0.1791 196.2056 88.9486 246.5679
2011_000518 0.9018 313.0910 109.3152 342.7267 144.4002
2011_000518 0.8681 347.4485 112.2274 395.3856 163.0364
2011_000518 0.7281 340.2831 127.8047 465.5100 241.9267
2011_000530 0.9848 423.6239 251.4587 497.4208 374.3051
2011_000530 0.7398 336.7155 181.5235 366.7673 259.2663
2011_000575 0.8337 104.5469 42.4648 232.0677 242.4809
2011_000575 0.8291 173.4207 124.4324 462.8110 364.2449
2011_000575 0.6359 250.3155 149.7841 445.3331 375.0000
2011_000575 0.5436 193.0299 203.7528 438.1740 374.1875
2011_000600 0.7811 232.1140 304.1240 261.4579 332.0000
2011_000607 0.8341 344.1801 213.4325 474.9357 367.3570
2011_000607 0.6992 2.3329 321.9029 87.0655 375.0000
2011_000666 0.8187 362.1493 264.4563 443.3625 319.6917
2011_000679 0.5933 121.5480 108.2209 465.1334 354.4438
2011_000690 0.7615 1.7719 407.0104 52.1471 496.2532
2011_000745 0.8962 200.6265 99.3064 254.9310 229.0911
2011_000745 0.8114 164.8582 89.6010 196.5268 117.0313
2011_000765 0.5165 405.3493 41.8688 490.5876 227.5224
2011_000770 0.5498 243.9989 137.0197 288.9035 262.0587
2011_000809 0.9303 38.0996 105.8335 151.0098 348.0504
2011_000813 0.9483 62.7785 35.5165 375.0000 486.8692
2011_000813 0.8983 67.1925 211.1148 375.0000 497.1511
2011_000813 0.8566 54.8477 11.5012 366.4087 322.2704
2011_000813 0.8035 215.0283 27.0509 375.0000 285.7285
2011_000813 0.5213 151.0661 4.3988 375.0000 421.7134
2011_000908 0.7298 438.2420 219.8651 499.9018 362.0708
2011_000908 0.5166 427.8483 137.1021 500.0000 358.2236
2011_000909 0.7512 424.6870 170.9342 463.6235 252.4234
2011_000917 0.7230 15.9886 230.1838 163.5136 500.0000
2011_000917 0.6537 232.6985 243.7349 340.3882 434.8896
2011_000917 0.5544 115.0122 232.7808 243.3005 451.2259
2011_000919 0.9889 284.0216 196.2051 448.3098 375.0000
2011_000919 0.9771 108.0867 231.1129 259.0069 375.0000
2011_000919 0.5128 90.1758 180.1655 209.4043 370.9955
2011_000953 0.7995 373.4771 159.8914 433.4262 235.2859
2011_000957 0.7198 287.5980 146.5668 360.5980 223.9268
2011_000957 0.5765 107.2048 153.1737 230.9731 361.1164
2011_000965 0.7042 122.8760 249.8531 231.0073 373.3937
2011_000965 0.6273 112.6402 240.2895 175.5807 338.5488
2011_001032 0.9537 357.5105 163.7224 413.8019 239.9092
2011_001032 0.9164 443.9832 158.3583 495.5642 233.4362
2011_001032 0.6562 231.4407 167.0903 258.6666 191.1133
2011_001032 0.5980 413.7467 161.1456 460.8458 230.6670
2011_001032 0.5913 42.7898 131.2475 376.5153 364.0000
2011_001032 0.5785 200.9336 203.3313 283.0804 252.1195
2011_001058 0.9225 187.4943 107.6211 227.4715 185.4799
2011_001106 0.9302 233.2929 224.9371 366.7602 494.3028
2011_001106 0.8888 2.3140 293.4056 165.9958 497.4453
2011_001106 0.8423 52.6829 186.4527 139.2407 263.4414
2011_001106 0.8357 71.5251 182.2297 206.7082 279.5910
2011_001106 0.5650 280.8848 220.1867 371.0583 479.2406
2011_001111 0.9874 196.9752 218.2864 372.9724 500.0000
2011_001116 0.5880 30.3706 14.9383 341.4690 370.4565
2011_001137 0.7440 145.4972 149.1568 228.0818 251.0636
2011_001149 0.5011 1.9434 206.3032 141.1202 292.2161
2011_001167 0.9796 183.1476 206.6906 242.3282 272.5031
2011_001167 0.9763 33.8037 219.1331 112.0032 302.9780
2011_001167 0.9690 384.9036 233.6027 443.3086 299.9420
2011_001167 0.7685 266.7820 328.5348 368.1661 373.6113
2011_001167 0.7566 132.8296 249.9770 199.1455 374.0000
2011_001167 0.6174 40.4888 194.4230 79.3236 224.4815
2011_001221 0.9769 318.7995 370.2698 408.0947 434.8551
2011_001223 0.8512 18.8631 231.5282 132.6145 378.3911
2011_001223 0.7268 241.5786 220.7913 295.2426 356.1740
2011_001223 0.6865 135.5307 246.6508 280.3056 406.7582
2011_001226 0.8649 271.7149 111.6779 351.8908 228.3263
2011_001295 0.5730 293.0960 298.8148 375.0000 492.4192
2011_001304 0.6735 1.4552 164.3119 61.4302 291.8891
2011_001330 0.9366 248.3560 163.1376 311.8561 313.1504
2011_001330 0.8767 424.5479 107.7371 464.8543 160.1513
2011_001330 0.7113 291.1245 162.5612 485.0879 366.7434
2011_001330 0.6476 422.1547 337.3009 497.7973 372.5118
2011_001330 0.6062 435.7446 101.3087 498.7758 165.5302
2011_001366 0.9640 313.1587 69.8591 398.0002 163.6117
2011_001366 0.9446 95.7842 240.5173 266.9092 375.0000
2011_001366 0.9246 302.5797 153.7945 447.9470 359.1111
2011_001366 0.9121 68.0901 94.4235 170.4136 264.9102
2011_001370 0.5013 337.7692 208.2636 389.1233 244.5411
2011_001404 0.8595 433.1765 22.8526 499.8651 133.1883
2011_001404 0.6264 295.8976 35.7532 351.4578 115.2547
2011_001447 0.6527 173.7039 232.9012 328.6629 369.4799
2011_001447 0.6285 164.9777 58.0138 483.2393 362.4129
2011_001524 0.8781 276.7121 100.5331 405.3206 256.3635
2011_001524 0.5058 224.7162 85.0902 346.1075 232.7530
2011_001531 0.6600 141.7768 161.0588 245.7731 260.8177
2011_001567 0.9682 357.1211 114.5171 420.2701 261.4235
2011_001567 0.6629 333.3753 122.0846 411.5252 258.5110
2011_001573 0.9344 50.4014 170.7190 215.8449 322.8548
2011_001608 0.6055 389.2167 170.6088 445.9102 206.3973
2011_001665 0.8712 6.9067 140.9341 83.1092 289.8738
2011_001665 0.8092 454.1916 86.2358 499.2612 184.1339
2011_001665 0.7078 265.9586 102.1953 297.7595 152.0343
2011_001665 0.5485 166.7359 119.9976 226.7855 179.6827
2011_001691 0.5864 230.4470 240.5176 337.0000 479.7513
2011_001691 0.5173 137.9645 267.5073 158.4527 292.1226
2011_001719 0.6671 31.1986 176.8170 78.2429 202.9319
2011_001719 0.6006 6.3415 178.6969 96.6932 239.3914
2011_001719 0.5794 234.6562 190.1048 288.5818 243.4724
2011_001719 0.5787 129.3641 177.3202 177.2663 218.1081
2011_001751 0.6494 440.4921 216.0236 498.5713 270.2578
2011_001751 0.6429 438.9577 246.8170 500.0000 335.8643
2011_001751 0.5215 414.6100 260.9532 500.0000 367.8304
2011_001785 0.9460 137.6913 206.4606 205.8765 330.6133
2011_001785 0.7985 352.1035 164.2397 486.6276 375.0000
2011_001785 0.6688 136.4109 204.0296 182.9503 320.0886
2011_001785 0.5938 54.2995 194.1292 80.4565 284.9312
2011_001785 0.5913 86.7967 201.7086 132.8028 300.6451
2011_001785 0.5711 51.7881 194.8956 95.4617 292.8465
2011_001812 0.8382 68.1833 63.0828 326.1271 450.7994
2011_001834 0.9900 152.2162 61.5674 310.4498 270.7995
2011_001834 0.5419 447.4955 2.7892 500.0000 67.8134
2011_001837 0.8065 2.4637 95.6949 152.7271 239.3995
2011_001842 0.8155 3.5383 219.8005 125.8906 375.0000
2011_001847 0.6242 5.8210 297.7157 152.1928 492.4673
2011_001847 0.5984 223.8916 300.2881 331.7235 445.5436
2011_001856 0.9563 4.5066 327.1519 95.7977 375.0000
2011_001856 0.9399 274.3765 175.3277 405.6786 320.1293
2011_001856 0.9053 118.6173 237.0273 222.2796 374.9121
2011_001856 0.7970 16.0663 242.4857 183.2652 375.0000
2011_001856 0.6347 390.4109 165.8862 472.9798 296.6877
2011_001862 0.6937 239.9823 179.8474 307.4950 257.7568
2011_001862 0.6343 1.9849 250.6680 249.6014 367.6524
2011_001900 0.8741 223.7101 250.1474 487.8525 421.5348
2011_001900 0.6811 62.5954 63.0567 442.8466 423.0000
2011_001900 0.6796 196.7047 94.9018 500.0000 423.0000
2011_001941 0.9457 106.2605 264.3548 255.4898 369.6766
2011_001941 0.8680 78.8107 261.6104 152.8636 352.7230
2011_001941 0.8678 2.0618 235.0868 43.5923 313.6664
2011_001941 0.6499 343.6562 297.6706 425.7261 371.3090
2011_001941 0.5872 137.4124 283.5612 229.0099 363.5327
2011_001941 0.5492 367.9322 309.5328 451.3076 373.6221
2011_001946 0.9387 82.2830 208.3022 130.4989 336.3028
2011_002038 0.9245 99.1779 75.7554 381.3106 355.0837
2011_002041 0.9754 126.7064 83.0303 250.6212 274.7863
2011_002041 0.5694 254.3747 180.6505 352.8901 296.6395
2011_002045 0.8280 6.0718 165.5066 80.5186 341.1786
2011_002045 0.7527 417.3456 189.8085 499.7303 370.5483
2011_002045 0.6015 3.5814 162.3371 74.0329 256.8313
2011_002108 0.9898 163.3954 190.0833 210.5052 265.6892
2011_002163 0.8399 390.4678 37.8879 500.0000 257.3643
2011_002163 0.5379 282.0261 37.4123 316.6492 70.2524
2011_002241 0.9847 151.8676 91.7465 240.1896 157.2858
2011_002241 0.8942 26.9771 130.5653 160.0056 365.0239
2011_002241 0.8687 218.4846 129.8495 434.0128 365.9412
2011_002241 0.7875 387.3197 140.8751 473.0824 338.6559
2011_002241 0.6365 363.7785 97.7251 461.1389 172.2589
2011_002260 0.9630 37.9246 229.4155 185.1489 373.2964
2011_002260 0.8582 159.4327 281.2436 230.0762 372.9577
2011_002260 0.6736 39.2336 229.0095 120.6833 366.8118
2011_002358 0.7815 1.5641 177.1303 136.0709 372.5126
2011_002358 0.5227 1.7515 330.8608 73.3230 372.5967
2011_002358 0.5177 11.4909 226.5061 177.2467 366.3016
2011_002365 0.8267 325.0594 149.5980 492.5403 328.7239
2011_002365 0.5006 318.4977 196.9671 462.7201 328.8156
2011_002386 0.7252 255.5251 153.2569 456.1091 369.7322
2011_002391 0.9793 352.3123 215.8146 443.6255 345.9933
2011_002391 0.9736 288.8920 213.8304 337.5849 303.5303
2011_002391 0.6171 79.8538 297.4856 172.9328 365.7194
2011_002509 0.6361 99.8781 201.5223 146.6137 279.5962
2011_002531 0.8941 180.5809 150.2849 295.9021 336.2105
2011_002531 0.7936 287.2277 130.7580 349.6247 304.5533
2011_002579 0.6253 164.7405 252.8089 417.7885 368.7722
2011_002610 0.7311 9.0282 152.7292 98.8204 234.0650
2011_002640 0.8226 8.5083 164.8018 81.2180 316.7397
2011_002644 0.6903 414.8775 204.6055 454.6442 254.8701
2011_002750 0.9949 245.1087 203.8929 374.0421 375.0000
2011_002805 0.9916 28.1718 251.5594 155.9005 436.9627
2011_002805 0.9845 162.6556 237.7993 294.9890 452.1775
2011_002805 0.9776 296.8766 241.1926 375.0000 329.2434
2011_002805 0.6603 71.1213 226.2103 121.4031 286.5706
2011_002810 0.5793 0.8112 231.6515 29.3320 279.8203
2011_002870 0.8572 297.4128 19.2668 482.7080 330.5809
2011_002887 0.9231 183.8897 46.3693 396.7202 354.1447
2011_002887 0.6882 14.3131 16.6939 156.8920 318.2029
2011_002933 0.8509 4.6395 247.2484 93.3354 305.6654
2011_002933 0.6645 198.4655 216.4190 243.9714 311.1741
2011_002933 0.6370 96.8491 307.1761 194.0223 496.6394
2011_002933 0.5573 0.0000 292.4349 190.1567 492.5167
2011_002933 0.5449 197.0439 211.4153 225.8323 297.2137
2011_002994 0.9227 127.2412 188.0066 163.0550 276.5307
2011_002994 0.8972 301.6726 192.7799 362.4662 315.1978
2011_002994 0.8351 158.5798 197.8145 208.3006 311.8727
2011_002994 0.8114 392.4839 173.2463 459.0180 321.1505
2011_002994 0.6264 198.5837 208.7284 254.5410 316.5059
2011_002994 0.5653 255.7929 204.5722 311.7910 240.2838
2011_003003 0.5929 468.9265 41.6918 499.7277 92.6816
2011_003011 0.9588 65.7765 14.1777 290.9535 500.0000
2011_003011 0.5608 70.5754 187.4913 284.9449 470.0688
2011_003039 0.6076 138.9327 232.4346 314.9940 366.3618
2011_003076 0.9156 37.4469 215.4758 125.8874 349.3845
2011_003076 0.7865 12.1241 229.1013 109.3077 371.3145
2011_003076 0.6993 118.8782 189.6110 179.7198 301.1440
2011_003079 0.8850 91.5459 261.3176 226.2268 475.9145
2011_003079 0.5514 92.0714 200.7769 278.4828 475.4776
2011_003103 0.7542 4.4821 179.7007 129.4226 364.9827
2011_003103 0.6545 0.0000 200.2609 78.2025 296.7512
2011_003103 0.5986 128.5566 159.9254 234.9737 311.9869
2011_003166 0.6166 309.7116 0.0049 500.0000 158.9302
2011_003201 0.9840 188.5890 172.5561 274.1396 267.5562
2011_003201 0.9817 240.8391 156.7579 311.9307 249.3456
2011_003201 0.7922 11.4014 188.8230 77.8656 314.1889
2011_003240 0.8476 282.9383 436.4862 348.8255 498.7711
