2008_000009 0.9743 214.0810 161.2451 292.4274 221.4655
2008_000009 0.8695 465.3238 166.7814 498.2777 218.4353
2008_000073 0.9719 51.1495 189.2367 261.7047 294.3548
2008_000177 0.7006 0.0000 38.7064 400.3478 500.0000
2008_000876 0.9152 0.0000 8.6206 308.7218 375.0000
2008_000876 0.8060 61.0198 17.6884 421.4030 336.7388
2008_000919 0.9276 8.8423 0.0000 257.8311 372.8156
2008_000964 0.9773 241.1225 168.8081 330.3318 221.3096
2008_000964 0.9726 360.2882 192.9723 435.2506 255.0637
2008_000964 0.7355 1.3052 144.3993 36.4860 194.9756
2008_001062 0.9987 245.1552 93.4481 362.7340 185.2309
2008_001062 0.9939 107.3318 97.9434 249.3728 195.0186
2008_001062 0.9907 465.6993 72.1083 499.1067 132.1767
2008_001062 0.8512 382.6949 90.8818 421.4597 172.2799
2008_001542 0.9053 50.8453 34.8716 494.7537 349.1105
2008_001542 0.6230 212.1473 43.5024 500.0000 361.6889
2008_001542 0.5169 50.3396 25.1093 348.0316 322.2523
2008_001544 0.9379 0.0000 233.2527 168.5179 367.4451
2008_002610 0.7787 295.2414 212.4563 395.2563 262.7153
2008_002709 0.9928 215.6224 140.2349 292.3330 194.1055
2008_002732 0.9921 43.2660 96.0579 146.0151 161.0819
2008_002732 0.9847 312.3701 98.5078 343.5149 129.4464
2008_002732 0.6798 179.1740 102.4311 201.3095 120.7159
2008_002732 0.6394 236.0158 99.5619 288.6866 133.9698
2008_002778 0.9924 111.7005 110.4631 428.6867 323.8174
2008_002860 0.5326 33.6264 137.0917 172.0804 310.0308
2008_002860 0.5071 131.1630 62.0459 139.2207 73.0436
2008_003256 0.9948 102.1103 67.5848 346.7263 370.7777
2008_003256 0.9893 261.2020 122.0886 481.8896 363.5914
2008_003256 0.9730 142.3054 77.7103 421.0428 355.4001
2008_003256 0.8974 384.7252 165.6143 499.7359 369.1996
2008_003256 0.8058 326.7910 150.5230 494.1376 363.4104
2008_003476 0.9849 292.9307 141.3880 331.0146 175.6315
2008_003476 0.9039 231.8538 138.7046 266.6302 172.9518
2008_004394 0.9999 51.4156 10.5050 418.2377 375.0000
2008_004394 0.8509 51.3423 81.5157 250.8069 375.0000
2008_004453 0.7416 36.9814 62.8114 217.8791 372.6123
2008_004453 0.7134 51.0900 187.1297 205.3015 374.9195
2008_004701 0.9433 97.6631 0.0000 388.9356 350.4866
2008_004701 0.7127 6.6298 0.0000 307.1402 350.3465
2008_005010 0.9909 366.6072 72.6009 500.0000 185.6772
2008_005010 0.9633 31.2063 43.4370 355.8433 372.5311
2008_005010 0.7579 0.2114 140.3496 34.0189 216.9775
2008_005010 0.6730 369.9803 105.5917 483.4248 191.3931
2008_005097 0.9971 35.5226 49.9800 330.3095 325.7913
2008_005097 0.9947 280.4946 56.7235 500.0000 328.7360
2008_005097 0.9922 168.8529 54.9882 476.6808 325.3325
2008_005097 0.9119 126.1505 63.0106 388.4198 332.0257
2008_005097 0.9018 0.0000 49.8905 215.7806 330.1683
2008_005097 0.8898 51.3030 14.6709 334.8760 86.6079
2008_005105 0.9983 67.3019 94.1583 376.4688 365.1449
2008_005105 0.9702 166.4253 65.1930 388.3813 356.8876
2008_005105 0.6294 251.9075 68.5219 391.8312 264.4294
2008_005635 0.8358 233.1330 116.7024 350.3517 183.6960
2008_005681 0.9904 303.5765 253.7711 361.6090 296.7055
2008_005681 0.9532 6.6755 263.1539 30.4290 284.7818
2008_005681 0.5934 13.5296 263.0463 27.8142 284.5116
2008_005681 0.5792 11.9994 262.5478 23.0973 285.1248
2008_006041 0.6344 1.8844 198.9826 146.4681 375.0000
2008_006063 0.9947 0.0000 8.1686 372.4985 500.0000
2008_006063 0.6855 28.6007 1.6943 362.7694 330.8681
2008_006290 0.9963 257.8542 172.3591 326.8391 260.9655
2008_006290 0.7615 199.3775 175.1097 252.4596 259.9500
2008_006310 0.9112 267.2741 152.3826 292.2027 174.5241
2008_006528 0.9997 108.9462 54.7591 326.5822 342.5178
2008_006547 0.9962 82.4809 175.9328 125.7003 210.2206
2008_006547 0.9779 320.3772 184.4573 356.0656 214.8733
2008_006547 0.8760 144.9182 213.0532 286.8997 325.2195
2008_006904 0.9961 329.9529 101.9638 500.0000 190.4808
2008_006904 0.9859 181.0064 106.2769 489.4434 319.1443
2008_006904 0.9582 46.6738 153.2321 218.1914 270.7676
2008_006904 0.9140 51.7793 156.5418 155.3669 224.0307
2008_006904 0.8605 47.1940 152.2892 190.5340 236.1577
2008_006904 0.7768 131.8638 92.5763 239.6341 157.4729
2008_006939 0.6495 0.0000 20.6082 351.8551 315.4710
2008_007025 0.9888 128.6563 105.6268 409.8633 286.7517
2008_007025 0.9696 213.4440 131.1466 472.6496 297.2115
2008_007025 0.7484 129.8029 121.8223 303.3176 293.5548
2008_007031 0.9997 108.9183 124.6974 376.1366 280.6897
2008_007123 0.9893 136.8664 151.1808 374.6288 293.2925
2008_007273 0.9986 30.0584 111.5529 316.1740 301.9887
2008_007398 0.9992 60.2705 165.7936 203.0541 337.8180
2008_007398 0.9756 15.2302 186.4867 75.6538 299.4193
2008_007586 0.9052 87.1601 108.9104 268.8842 301.3883
2008_007596 0.9984 165.2283 140.1892 308.3669 214.8492
2008_007729 0.9356 186.2707 139.9744 354.7498 283.6200
2008_007745 0.5610 26.9609 218.5082 61.7986 256.2853
2008_007806 0.9478 21.0668 42.7108 159.2882 270.3690
2008_007890 0.5754 125.1275 142.7240 219.3687 209.1527
2008_007932 0.9973 52.6086 81.6210 494.6875 330.3358
2008_007932 0.9277 12.4950 293.4550 44.4516 333.0000
2008_008115 0.9983 235.3375 22.7169 490.4258 309.9790
2008_008115 0.9899 176.8317 73.7228 395.6447 333.0000
2008_008115 0.9896 1.2223 99.7986 173.3458 285.6790
2008_008115 0.9390 124.0010 126.2315 171.0958 175.2209
2008_008115 0.9071 451.4711 112.1216 500.0000 283.6367
2008_008115 0.7214 56.3431 163.4447 185.8069 286.0799
2008_008115 0.6303 167.0911 105.1251 309.7584 326.3154
2008_008134 0.5047 48.9813 0.0000 245.8440 207.0383
2008_008241 0.9980 0.0000 20.2732 444.6883 280.4868
2008_008241 0.9473 9.3333 21.0358 257.1576 214.1804
2008_008241 0.9304 8.5943 10.8251 232.8471 123.3218
2008_008241 0.7287 0.3975 3.5882 53.6293 110.9941
2008_008241 0.5043 2.7120 11.3592 79.0377 100.2935
2008_008421 0.6286 14.6899 6.4819 302.7435 478.8248
2008_008421 0.5033 7.3304 44.1228 293.6493 339.9186
2008_008437 0.9999 61.0995 28.2599 402.4265 314.5377
2008_008437 0.7152 8.9382 162.0332 28.9028 189.9092
2008_008437 0.6221 196.5757 37.4470 417.5178 267.6725
2008_008453 0.9343 134.2185 209.4435 167.0154 225.7242
2008_008453 0.8895 435.6534 210.0638 453.6617 245.6865
2008_008453 0.5338 98.2910 206.1445 118.9883 228.1709
2008_008617 0.9928 47.9901 86.6706 431.9521 357.5587
2008_008675 0.9849 0.0000 2.3725 482.2144 337.8271
2008_008713 0.9454 194.7274 149.9956 287.2192 193.0821
2009_000066 0.9870 103.8094 150.9759 187.8604 224.6125
2009_000066 0.9796 0.3993 148.6233 89.5503 263.5248
2009_000219 0.9821 62.7639 124.4495 387.6852 376.3499
2009_000219 0.6155 119.6454 51.1729 443.5442 383.8020
2009_000559 0.9701 255.0629 131.8782 405.1261 278.6181
2009_000559 0.9604 112.5207 121.6929 253.5706 275.5621
2009_000559 0.9342 74.8326 53.8030 252.2369 275.4076
2009_000559 0.5011 52.2536 58.8102 351.9905 272.0965
2009_000574 0.9978 327.3457 220.5795 500.0000 285.4097
2009_000574 0.9886 287.6973 188.1982 427.0878 253.6433
2009_000574 0.9873 0.0000 188.0531 76.0996 368.2602
2009_000574 0.9578 231.0605 242.1471 421.1905 304.8544
2009_000574 0.8911 211.1312 255.3528 269.5830 303.7673
2009_000574 0.6739 232.8398 221.4930 450.2815 295.7281
2009_000574 0.5932 259.7373 201.2641 444.7898 283.3023
2009_000731 0.9965 44.0971 0.0000 373.3440 333.0000
2009_000771 0.9994 220.4993 32.0464 473.2844 333.0985
2009_000771 0.8658 100.3301 47.9270 457.1810 339.3480
2009_000771 0.8483 25.7398 98.9894 276.6709 332.1284
2009_000771 0.7355 40.5484 56.7112 353.4418 323.1877
2009_000823 0.7570 62.9897 21.6052 349.7784 311.1600
2009_000971 0.9995 29.4269 166.4984 216.8631 247.9593
2009_001006 0.7816 87.9330 44.8938 257.7946 224.1752
2009_001134 0.9989 98.8420 152.9499 355.9427 342.0614
2009_001134 0.9509 141.2153 210.3859 333.6732 344.0066
2009_001257 0.9995 274.9201 54.0330 425.6392 323.9516
2009_001413 0.9921 330.6144 54.6611 492.9789 261.9372
2009_001413 0.9092 106.8186 155.0241 139.5358 194.2243
2009_001518 0.9984 126.4940 42.9587 467.6340 334.6740
2009_001518 0.9758 135.9216 129.7357 198.8657 216.6345
2009_001518 0.5322 137.6001 81.2663 284.2622 326.0823
2009_001594 0.9939 213.1159 171.3103 260.7196 206.1781
2009_001618 0.7064 11.0498 68.7102 44.7850 85.2528
2009_001673 0.9931 313.3840 93.7533 442.5925 246.9568
2009_001673 0.9929 19.6923 87.4505 153.2739 262.2237
2009_001673 0.9713 188.9253 103.2469 313.9441 279.2871
2009_001673 0.9659 371.5953 95.7725 485.0838 235.6362
2009_001673 0.8500 135.8728 113.0550 258.4479 262.4136
2009_001673 0.6615 170.6661 91.1533 245.3370 150.7938
2009_002002 0.9968 109.3962 121.2715 428.4687 303.3124
2009_002035 0.9788 174.6326 94.9634 361.4720 231.8878
2009_002042 0.5464 366.6364 242.8797 409.6698 259.5132
2009_002122 0.9993 182.9093 88.3052 405.0728 249.9687
2009_002122 0.9985 41.0450 60.5824 250.9175 159.8615
2009_002136 0.9947 327.6346 228.5066 444.2259 299.8950
2009_002150 0.9953 101.3779 27.8772 385.6186 364.8906
2009_002150 0.5238 66.2051 23.4914 436.9351 230.0496
2009_002165 0.5837 104.4638 128.7044 332.2685 296.4196
2009_002171 0.9537 117.2756 106.9532 238.6114 305.0213
2009_002221 0.9975 308.1021 86.5092 500.0000 364.1197
2009_002221 0.9949 20.0961 60.2194 344.5849 362.4438
2009_002221 0.9624 103.9979 86.7119 451.0378 362.1406
2009_002221 0.5641 0.0000 49.0210 210.5643 370.2216
2009_002360 0.9994 171.1064 299.9240 330.5631 434.3799
2009_002360 0.9990 15.1545 284.6721 106.0116 349.5397
2009_002414 0.6294 141.9058 108.7359 342.5245 284.8697
2009_002510 0.9972 339.7912 81.9804 497.8303 335.0186
2009_002510 0.9951 71.6729 86.7294 205.1395 330.3434
2009_002510 0.9691 184.5871 119.7239 383.3414 356.7755
2009_002510 0.9038 431.3671 26.9002 448.0716 52.7818
2009_002510 0.7940 179.8354 39.5187 216.1066 69.9666
2009_002510 0.6434 150.4486 35.4912 197.2180 64.2779
2009_002510 0.5993 111.7350 47.9652 142.1722 71.4331
2009_002510 0.5129 0.0000 128.3402 90.4653 284.6234
2009_002518 0.9463 134.6532 11.3270 466.2167 264.6619
2009_002518 0.6527 298.6795 21.1315 484.6532 227.7061
2009_002549 0.9936 29.0170 123.8531 242.2480 263.0357
2009_002549 0.8009 294.4640 101.2271 457.3237 225.7733
2009_002635 0.9993 229.2143 228.6254 349.2301 312.0854
2009_002635 0.9962 137.3561 187.4475 220.5208 240.4384
2009_002635 0.9894 0.0259 188.1697 42.9002 291.4723
2009_002708 0.9911 75.6305 47.2742 488.0060 361.8346
2009_002708 0.9755 35.4431 3.4602 355.1466 356.2982
2009_002708 0.5118 262.0528 58.3468 500.0000 363.0000
2009_002772 0.9726 0.0000 289.6243 75.1508 400.8221
2009_002877 0.7635 13.4737 147.8782 326.2237 500.0000
2009_002986 0.9990 339.0631 215.6622 422.2118 257.8182
2009_002986 0.9788 187.5359 204.2916 287.4661 264.7249
2009_002986 0.9261 33.8410 224.9404 113.5289 254.1089
2009_003059 0.9982 1.3366 67.0300 273.6556 325.7406
2009_003059 0.9943 223.9724 52.1242 500.0000 333.0000
2009_003059 0.7826 110.0709 66.2443 467.7916 319.4315
2009_003059 0.5554 0.0000 64.5550 133.3145 242.5190
2009_003083 0.5134 4.3699 136.9741 246.6927 375.0000
2009_003089 0.9979 60.9040 54.3980 470.3191 315.5017
2009_003189 0.9874 60.1042 146.5885 217.1866 417.1011
2009_003297 0.9980 64.5032 105.6391 322.4011 280.2280
2009_003481 0.5488 109.7907 147.3008 392.6170 305.2849
2009_003521 0.9828 151.3589 30.5879 391.7858 302.7968
2009_003521 0.9254 131.8969 102.5416 195.3507 200.1210
2009_003542 0.9930 191.1365 48.8100 500.0000 333.0000
2009_003569 0.9572 182.0341 168.9611 366.0716 294.3245
2009_003569 0.6967 121.9972 173.2210 200.9475 268.1730
2009_003773 0.9853 150.5060 4.2459 500.0000 321.8791
2009_003858 0.9205 156.3416 0.0000 499.4746 367.0000
2009_003901 0.9993 3.9556 37.8039 321.7811 339.9850
2009_003901 0.6457 0.0000 34.9217 197.0757 351.4250
2009_004233 0.8889 141.4426 46.5973 323.0013 346.9475
2009_004262 0.5230 192.6326 0.0000 500.0000 331.0011
2009_004284 0.9973 40.0868 156.4089 185.6903 234.6178
2009_004284 0.9919 186.6519 154.1651 419.9343 250.4230
2009_004284 0.8787 179.1300 164.7478 260.1234 243.1362
2009_004366 0.9982 83.0572 70.3981 404.1300 290.8324
2009_004497 0.5491 388.6742 141.7552 500.0000 375.0000
2009_004679 0.8588 252.1015 81.4243 322.1749 164.0604
2009_004897 0.8839 0.0000 55.9209 401.7256 333.0000
2009_004929 0.9934 124.1032 13.5289 443.9560 327.2604
2009_004929 0.8454 10.2388 29.4821 346.5493 327.6699
2009_005068 0.9981 89.4336 123.3154 410.7792 286.3059
2009_005068 0.9584 245.2056 75.6773 317.9320 158.2758
2009_005089 0.5483 118.0711 273.8499 200.2786 320.4396
2009_005225 0.6520 268.4559 188.0819 282.9065 216.5752
2009_005229 0.9542 28.0176 2.5347 142.4212 182.2636
2009_005229 0.9533 24.7234 6.8912 103.1127 167.1345
2009_005229 0.7270 0.4076 21.0812 37.7851 134.5349
2009_005229 0.5119 87.6422 9.1307 473.0844 261.9076
2009_005267 0.9943 208.0385 191.9395 318.6781 227.0125
2009_005267 0.7369 205.6930 191.6064 270.4845 228.5869
2009_005267 0.7237 226.8697 194.5583 284.2675 225.8946
2009_005267 0.5824 259.0811 194.3449 318.1367 225.6310
2010_000283 0.5231 402.2061 130.1685 500.0000 332.0000
2010_000327 0.6248 0.6993 243.0914 22.3878 307.6929
2010_000427 0.9962 59.9910 57.5169 462.9414 340.9834
2010_000515 0.8436 138.2745 45.0794 371.4351 468.7610
2010_000515 0.6040 61.4983 107.5494 345.8595 466.0929
2010_000907 0.9929 221.7798 158.5305 472.9781 349.3917
2010_000907 0.9912 21.9049 270.2684 172.4133 351.5436
2010_001000 0.9618 21.4703 18.3597 500.0000 325.8543
2010_001000 0.8211 5.6516 12.8908 309.1932 334.0000
2010_001010 0.9975 43.2409 13.7949 239.9832 331.2561
2010_001010 0.9538 260.6365 211.6671 325.0160 273.4737
2010_001107 0.9870 132.7550 125.3535 174.1169 149.9881
2010_001107 0.6063 106.3379 131.8276 128.1955 147.8510
2010_001107 0.5324 28.9047 136.2535 42.6508 153.5533
2010_001301 0.6070 16.7247 22.6269 214.3869 252.3873
2010_001548 0.9987 106.1467 128.8511 296.5321 315.8105
2010_001671 0.9932 163.5751 125.4207 382.8177 323.9592
2010_001671 0.7278 128.0027 148.9276 338.2662 316.6823
2010_001671 0.6172 141.1700 197.5683 315.2720 329.7521
2010_001692 0.9880 252.2257 113.6343 450.0000 335.3278
2010_001692 0.8273 171.6548 103.1619 423.1264 327.8205
2010_001803 0.9947 370.5270 203.0222 474.8915 274.3697
2010_001803 0.9829 193.9985 199.8372 299.4238 277.6088
2010_001803 0.8447 284.7657 219.8800 371.1617 273.7018
2010_001803 0.5497 362.5951 206.0827 397.2587 272.2355
2010_001803 0.5122 270.9562 201.4206 375.9452 271.8014
2010_001937 0.9999 3.9993 71.7102 415.5611 375.0000
2010_002022 0.6879 2.1666 149.2204 176.1261 332.0000
2010_002067 0.9758 53.8625 128.7516 117.3732 179.5474
2010_002106 0.8313 78.2064 0.0000 500.0000 329.6869
2010_002133 0.9960 0.0000 0.0000 423.2588 375.0000
2010_002161 0.7196 4.5423 82.1676 250.9896 375.0000
2010_002219 0.7422 0.0000 136.1612 37.1164 207.1650
2010_002340 0.9583 17.2459 236.4055 211.3319 500.0000
2010_002340 0.5350 70.3173 152.5253 331.8993 498.5253
2010_002372 0.8839 218.8218 126.2080 265.7881 149.7530
2010_002372 0.8283 280.1515 126.9687 310.9377 143.2189
2010_002372 0.6944 272.9032 130.2010 307.7693 145.9087
2010_002372 0.5303 268.3277 133.0718 301.3293 147.1635
2010_002390 0.9610 138.4757 48.9552 500.0000 369.0126
2010_002390 0.8006 137.3977 166.4266 444.2079 369.9364
2010_002701 0.9963 224.2444 166.3329 261.4003 216.0804
2010_002716 0.9983 4.0097 151.8758 151.9913 248.8379
2010_002716 0.8050 132.0231 187.3894 193.0331 216.1323
2010_002763 0.6716 30.5698 165.9978 257.8367 447.5420
2010_002905 0.9781 66.6641 113.5595 372.5280 471.6939
2010_002905 0.5836 211.0549 125.4735 370.9368 500.0000
2010_003016 0.9929 54.9655 155.5935 329.2834 368.3043
2010_003016 0.7942 199.6717 164.0712 343.7958 367.1987
2010_003016 0.6193 151.2294 144.7624 371.4106 365.6421
2010_003016 0.5221 276.1914 146.9685 391.7966 306.9438
2010_003183 0.8456 162.2485 177.6009 424.8540 294.3621
2010_003183 0.5087 48.8261 229.0488 91.8614 272.1074
2010_003201 0.9342 124.4112 161.5862 349.2960 269.5577
2010_003201 0.9217 139.6647 160.8605 497.0216 307.0205
2010_003201 0.5416 254.3852 181.3699 497.7319 326.9013
2010_003239 0.9678 62.6139 135.1173 283.4620 357.9271
2010_003239 0.7935 229.2196 112.0121 340.7365 341.0487
2010_003239 0.7503 4.0150 149.4324 172.0741 324.3370
2010_003239 0.7480 0.0000 156.8805 97.6868 320.3983
2010_003239 0.5779 179.4062 130.4677 293.8465 339.9292
2010_003532 0.5859 79.1274 42.3230 359.2350 355.0430
2010_003970 0.9994 0.0000 18.8160 378.0448 371.1451
2010_003970 0.9782 280.1694 180.7446 452.1100 364.7115
2010_003970 0.7937 189.1303 193.1660 441.1337 370.6039
2010_003970 0.7703 26.7421 115.9666 457.8295 371.3325
2010_003970 0.5026 120.1019 30.9044 418.6370 353.6142
2010_004140 0.8579 6.9791 139.2703 378.5857 270.7797
2010_004178 0.9856 173.9445 59.8535 214.4713 88.3404
2010_004178 0.9836 246.1176 63.9584 295.2120 97.6797
2010_004178 0.6687 286.6522 63.9063 334.6585 99.2020
2010_004322 0.6524 61.3545 16.6050 432.9949 375.0000
2010_004456 0.9692 9.7735 60.2998 178.7892 171.9720
2010_004635 0.9980 114.2465 121.4732 384.3440 327.8342
2010_004789 0.9815 83.5016 69.5195 357.1472 319.4473
2010_004789 0.8443 104.3473 70.9343 156.1138 93.7021
2010_005031 0.9961 227.8715 190.2141 405.4099 456.1282
2010_005031 0.8335 0.0000 162.3209 181.0880 336.7743
2010_005031 0.5202 66.3064 168.8136 189.2740 305.0537
2010_005061 0.9959 96.5804 396.1265 161.5381 432.8906
2010_005061 0.9339 187.1436 398.3491 250.4524 441.9892
2010_005061 0.8984 240.7938 403.0553 299.8673 445.4215
2010_005061 0.8518 186.0457 401.0959 224.4867 442.9154
2010_005066 0.9969 180.7971 57.7864 307.5193 270.0188
2010_005174 0.5688 15.9095 37.9138 337.8584 375.0000
2010_005424 0.9979 199.8911 157.7782 298.3599 235.2200
2010_005467 0.9490 189.6952 206.7884 225.9140 282.9242
2010_005467 0.9262 0.0295 193.8638 29.7844 266.2140
2010_005467 0.7860 311.8908 201.9373 373.9840 276.9008
2010_005467 0.7350 378.7520 204.9609 418.2515 286.1724
2010_005562 0.9996 117.4887 125.5977 500.0000 374.1015
2010_005567 0.5527 202.4911 82.1182 215.5835 100.5620
2010_005824 0.9925 186.7664 95.4613 499.1762 315.9181
2010_005824 0.8838 152.8447 67.7263 487.8299 192.8377
2010_005922 0.9854 358.7506 272.3150 414.4337 325.3950
2010_005922 0.9643 269.3798 229.0984 301.1296 247.9470
2010_005993 0.9989 95.7745 84.4177 464.5905 356.0000
2010_005993 0.9847 0.0000 141.5221 118.1136 356.0000
2010_005993 0.7986 14.5494 128.7722 175.1735 352.0383
2010_005993 0.5773 90.5349 104.2764 239.5927 330.6826
2011_000057 0.8536 52.3309 38.4448 350.1942 333.9724
2011_000057 0.5983 110.0083 24.5890 428.1213 343.7617
2011_000057 0.5607 258.1275 58.2990 483.9514 334.0925
2011_000109 0.6592 39.3591 119.4941 305.4969 266.9685
2011_000166 0.9999 40.7368 61.3125 457.1208 352.5620
2011_000166 0.9745 454.8637 105.3838 495.0777 125.7356
2011_000166 0.8212 449.3924 124.8949 500.0000 139.9987
2011_000309 0.9980 49.3798 157.4917 160.6545 309.9958
2011_000309 0.9977 335.4117 173.8623 498.1702 312.1036
2011_000309 0.9966 199.6686 181.1104 346.0005 281.5089
2011_000309 0.7932 131.4214 177.2014 188.1500 284.0432
2011_000548 0.9764 283.1708 49.8524 412.5965 207.3798
2011_000548 0.7269 166.7950 73.2758 348.8484 215.6307
2011_000548 0.6783 372.8896 36.2404 417.9804 122.3615
2011_000548 0.6360 454.0479 12.0604 500.0000 125.7017
2011_000566 0.9931 82.7568 137.9276 420.1716 355.0000
2011_000566 0.9855 28.6829 143.5620 269.9788 341.8521
2011_000566 0.9584 210.4012 138.4108 482.2062 355.0000
2011_000566 0.9242 303.6757 163.5680 499.5469 352.0778
2011_000566 0.8086 57.7233 82.7422 480.7332 335.6550
2011_000609 0.9722 186.3377 133.8546 248.8663 202.8265
2011_000778 0.9903 192.8362 206.9157 257.9106 280.6035
2011_000778 0.7401 276.3007 199.0927 346.1422 223.4904
2011_000778 0.6193 272.4903 198.3655 345.4900 237.3014
2011_000778 0.5014 1.4353 214.7152 161.3453 351.7387
2011_000784 0.9984 26.1325 23.8574 471.8128 335.0256
2011_000784 0.7788 228.4857 10.0217 494.0475 325.1387
2011_000930 0.8105 98.6895 76.9043 490.0337 327.2805
2011_000930 0.5697 83.6945 0.0000 381.9237 332.9821
2011_001047 0.9959 454.6242 128.8871 495.8615 256.5567
2011_001047 0.9954 206.1581 99.7238 335.4474 303.2776
2011_001047 0.9947 298.2683 120.8776 426.4434 266.4260
2011_001047 0.9020 225.3443 113.3052 403.6030 290.3269
2011_001232 0.9968 30.5249 25.5350 455.2394 302.9259
2011_001251 0.9682 378.6218 204.3520 456.6526 257.7611
2011_001251 0.7761 197.0216 192.1305 247.1158 222.9025
2011_001282 0.9996 142.7271 79.3071 420.6856 314.2694
2011_001282 0.9835 459.9026 133.8661 500.0000 160.6376
2011_001329 0.5962 234.6741 128.3798 259.8478 144.8324
2011_001389 0.5853 89.2845 84.9594 445.0933 358.1766
2011_001399 0.9587 18.5869 17.4497 367.6237 500.0000
2011_001530 0.9155 226.3468 211.3182 269.2664 265.6986
2011_001530 0.9096 164.7936 188.6861 198.2454 217.2440
2011_001530 0.8218 220.6441 188.2248 253.3112 212.8308
2011_001530 0.6778 217.4548 174.3620 236.2678 188.3752
2011_001530 0.6368 206.8379 190.8783 233.3115 215.7512
2011_001530 0.5340 271.1885 211.9427 305.1003 268.3421
2011_001546 0.9893 177.4114 123.9628 374.2693 301.4901
2011_001708 0.9996 76.1765 179.1192 250.7594 415.2977
2011_001782 0.9916 299.3672 254.3330 419.4741 341.1127
2011_001822 0.7178 123.0743 231.1839 147.5330 243.0964
2011_001854 0.9156 29.2273 5.8639 446.2986 326.8654
2011_001986 0.5711 11.6337 18.9534 384.9064 331.0000
2011_002018 0.9967 47.7772 152.7248 179.9674 289.2719
2011_002018 0.9791 321.9385 169.5280 408.7575 256.4224
2011_002018 0.9781 265.0655 168.2299 331.3161 300.7117
2011_002018 0.9755 145.1492 150.1657 223.9027 227.3822
2011_002018 0.8413 220.3622 157.3048 266.1788 231.3449
2011_002018 0.7837 0.0000 161.7392 32.6390 251.1932
2011_002042 0.9916 146.6311 63.2878 174.8551 90.1723
2011_002042 0.8400 111.6826 100.1031 160.8720 148.7825
2011_002047 0.9491 280.6436 121.0606 460.3055 328.4310
2011_002178 0.9143 55.3035 20.9201 500.0000 362.0389
2011_002272 0.9975 65.5476 52.2698 347.2371 301.8461
2011_002272 0.8915 14.4103 71.5490 181.0872 296.2332
2011_002272 0.7902 244.8523 42.2835 352.2104 206.9817
2011_002272 0.5303 375.4649 77.1248 468.1306 261.9612
2011_002864 0.9035 14.8408 31.4045 483.4471 303.1108
2011_002885 0.9841 102.2843 103.6542 395.8548 275.7217
2011_002885 0.9511 0.0000 111.9380 109.6967 273.3205
2011_002983 0.7078 145.4340 284.2243 178.3216 340.3421
2011_003019 0.9946 144.0865 131.6298 346.1541 291.1987
2011_003043 0.9975 10.2672 51.4636 234.2293 342.4332
2011_003043 0.9846 147.4108 30.9629 417.2619 335.7394
2011_003043 0.9624 0.0000 62.2803 20.7602 127.5280
2011_003043 0.9461 354.9518 32.6827 500.0000 310.0395
2011_003043 0.9280 38.1715 37.7388 332.9843 342.3424
2011_003043 0.7656 36.8401 49.0754 86.0527 76.7207
2011_003043 0.5671 387.8749 42.3441 500.0000 73.5885
2011_003043 0.5119 149.3934 46.6569 222.5426 74.7461
