2008_000306 0.5710 0.0000 180.8753 360.9739 488.1913
2008_000321 0.6922 3.3211 146.9203 143.5523 332.7411
2008_000408 0.5504 0.0000 251.3945 481.2682 375.0000
2008_000465 0.5687 228.2228 187.9027 324.7104 240.6408
2008_000835 0.7071 29.1236 179.5535 315.7647 375.0000
2008_000885 0.6802 2.3971 208.5245 442.8865 324.3372
2008_001077 0.9297 2.2066 67.5138 471.1446 357.8388
2008_001077 0.5737 187.2499 106.3347 478.8447 347.3257
2008_001155 0.7158 7.5294 249.4160 227.2443 368.9688
2008_001436 0.5026 0.0000 179.5684 497.8481 332.1967
2008_001451 0.5574 321.8062 260.9076 436.5411 362.9507
2008_001539 0.6125 28.4970 195.0578 495.5489 369.2650
2008_001624 0.7157 2.1526 221.6908 368.5928 375.0000
2008_001773 0.7480 136.6909 240.3175 447.7400 370.1492
2008_001907 0.7613 5.5588 157.1064 145.6457 212.3015
2008_001910 0.7354 0.0000 315.1514 375.0000 493.5144
2008_002071 0.5945 50.2112 121.3443 263.5264 234.9196
2008_002071 0.5440 32.9703 136.6738 296.8596 322.5803
2008_002082 0.5009 180.7993 161.3438 273.7161 211.9708
2008_002185 0.7656 28.3246 207.1296 411.2266 375.0000
2008_002330 0.8015 6.2979 151.6389 375.0000 494.5760
2008_002384 0.6106 116.4605 245.2361 470.9081 367.7755
2008_002404 0.9413 0.0000 162.7291 393.7324 327.0670
2008_002438 0.6760 0.0000 115.9476 500.0000 360.1739
2008_002467 0.7853 3.7982 236.0212 500.0000 368.5666
2008_002467 0.5415 4.7563 145.7961 499.1342 363.5014
2008_002502 0.5721 166.0409 116.9030 311.1755 294.3134
2008_002508 0.6897 345.4856 167.8804 488.1447 299.3905
2008_002564 0.8687 26.8600 337.0099 375.0000 491.4918
2008_002567 0.9001 128.1910 227.8660 436.1690 366.3040
2008_002775 0.7787 19.3582 206.0740 495.9630 375.0000
2008_002947 0.6534 6.2349 215.1441 329.6059 326.0628
2008_002973 0.8378 0.0000 269.5344 500.0000 374.6451
2008_003186 0.6414 0.0000 258.1050 424.4593 326.6810
2008_003193 0.6148 0.0000 182.2480 371.6768 497.3124
2008_003477 0.8821 9.4973 190.2727 500.0000 374.8345
2008_003591 0.7822 13.6554 15.1669 494.4395 375.0000
2008_003591 0.5262 0.0000 170.0174 500.0000 364.4693
2008_003658 0.8276 3.9291 342.7191 375.0000 498.2200
2008_003753 0.8800 0.0000 243.8498 190.9711 373.3407
2008_003904 0.9372 0.0000 318.0540 356.8974 499.1350
2008_004123 0.7467 0.0000 218.3404 492.2205 334.0000
2008_004178 0.5937 0.0000 72.8182 323.3021 406.0000
2008_004178 0.5783 0.0000 116.8624 496.6902 391.3206
2008_004216 0.5454 0.0000 201.0628 488.8376 327.1236
2008_004271 0.6231 310.4541 220.4567 387.1575 289.5645
2008_004308 0.7472 0.0000 188.3923 470.3190 368.8948
2008_004324 0.5115 22.7740 85.0830 483.0697 314.6865
2008_004333 0.7205 266.9896 256.0458 498.0225 371.4872
2008_004389 0.5156 44.5896 287.0529 343.8271 371.0063
2008_004431 0.8501 10.4996 244.2578 240.0203 369.9008
2008_004460 0.8927 172.4480 210.0846 473.0936 362.6278
2008_004497 0.6703 17.1701 194.3609 489.4070 375.0000
2008_004564 0.7676 161.2350 200.0048 475.4070 325.2979
2008_004575 0.7141 45.8857 341.6580 296.5866 489.6944
2008_004670 0.5723 17.5268 190.1239 257.5121 368.1573
2008_004819 0.5499 3.6776 295.1052 77.6843 369.2563
2008_004851 0.8417 13.2439 220.7948 475.8347 368.3188
2008_004851 0.5175 18.2990 247.3579 345.6452 368.9535
2008_004948 0.8656 16.8814 236.8882 367.5192 374.3085
2008_004948 0.5578 26.4753 285.1458 324.9480 371.5134
2008_004979 0.9441 0.0000 128.5638 500.0000 360.3674
2008_004979 0.5862 8.3909 61.3316 348.7422 375.0000
2008_004982 0.9705 0.0000 169.6771 375.0000 499.9402
2008_004982 0.5735 0.0000 296.4504 364.9520 500.0000
2008_004984 0.7116 15.9565 225.3392 394.4050 365.3863
2008_005070 0.7093 48.1787 87.6746 488.4994 361.8142
2008_005140 0.5659 0.0000 341.4500 333.0000 497.3476
2008_005182 0.6209 0.0000 194.9703 472.5926 365.1962
2008_005235 0.5599 0.0000 294.8560 375.0000 493.8398
2008_005348 0.8734 36.8601 63.5874 429.9824 277.5027
2008_005348 0.7031 195.7245 115.7714 482.5627 277.9751
2008_005348 0.6323 129.7082 28.7279 480.0268 287.0000
2008_005399 0.7465 77.8045 240.2245 285.4037 349.0092
2008_005406 0.6666 32.9176 108.9220 500.0000 325.7090
2008_005701 0.6951 0.0000 271.9278 314.9391 491.2967
2008_005884 0.8900 17.6368 204.5462 315.7244 375.0000
2008_005904 0.8639 0.0000 161.8060 500.0000 331.6881
2008_006008 0.9364 34.6443 254.9403 298.9849 486.2773
2008_006008 0.8054 38.0682 278.3860 280.8184 412.4193
2008_006104 0.5885 0.0000 217.5667 375.0000 495.2120
2008_006282 0.5702 0.0000 63.2555 500.0000 374.5133
2008_006330 0.5512 71.1804 280.8189 281.3283 466.9370
2008_006408 0.6065 0.0000 323.1397 375.0000 500.0000
2008_006588 0.9157 35.0766 98.4764 322.3871 368.0584
2008_006588 0.6770 19.1851 206.3562 310.6645 375.0000
2008_006588 0.5519 99.3220 242.0229 448.9593 370.7343
2008_006591 0.7160 8.3231 10.4625 488.1155 358.7425
2008_006660 0.8300 259.5486 209.1913 466.0325 361.8738
2008_006792 0.9336 0.0000 303.8247 375.0000 500.0000
2008_006792 0.7656 41.9301 154.2020 372.3192 500.0000
2008_006796 0.5424 142.0183 292.3148 375.0000 492.5132
2008_006837 0.5420 40.5387 10.7878 325.0065 146.7357
2008_006837 0.5017 22.9662 11.9232 208.6293 146.7340
2008_007048 0.7019 94.4407 269.4631 276.0392 452.0339
2008_007166 0.5111 416.6023 206.9061 498.6847 297.8127
2008_007207 0.9287 0.0000 251.3316 264.5516 382.6222
2008_007216 0.9201 1.1148 145.1263 375.0000 498.7609
2008_007216 0.6209 0.0000 307.8977 340.8692 498.1420
2008_007402 0.8278 192.4296 284.5322 329.6082 481.2791
2008_007585 0.7545 0.0000 276.3024 323.8888 375.0000
2008_007591 0.9337 0.0000 98.3947 478.1269 368.0031
2008_007617 0.9308 68.6395 233.9044 469.2159 364.1930
2008_007704 0.7848 29.9785 52.1968 447.9533 318.0277
2008_007827 0.5427 26.5771 195.0042 431.1401 338.0000
2008_007853 0.8723 7.3006 200.8301 485.6717 373.6258
2008_007922 0.6769 45.8012 222.8491 356.6570 365.2146
2008_007949 0.5914 0.0000 292.9544 171.5132 371.5799
2008_007954 0.7357 0.0000 131.0364 468.8015 362.3501
2008_007954 0.6421 0.0000 216.4768 456.1928 374.0621
2008_008091 0.6548 0.0000 105.8250 500.0000 364.1910
2008_008093 0.9763 122.6072 240.2649 442.4808 365.8626
2008_008217 0.8779 0.0000 49.6707 338.1643 367.7575
2008_008217 0.6134 25.6530 154.9921 391.3830 368.0846
2008_008224 0.8449 141.6206 263.4197 343.1619 371.7434
2008_008331 0.6332 0.0000 110.2068 500.0000 355.7195
2008_008362 0.9393 51.3989 246.2556 422.9133 366.1647
2008_008365 0.8499 97.3630 275.8451 324.2174 368.6466
2008_008365 0.7201 376.9025 242.2168 480.5933 367.3560
2008_008365 0.6499 412.7255 240.7681 500.0000 375.0000
2008_008388 0.6545 85.8642 232.7235 415.7442 360.6187
2008_008388 0.5627 137.9059 263.2512 401.0498 365.4684
2008_008439 0.7554 0.0000 276.0755 285.1142 329.4932
2008_008474 0.7527 61.5842 209.1583 472.0982 365.1261
2008_008474 0.5761 0.0000 266.0352 111.0741 372.0521
2008_008606 0.5353 62.6978 179.5033 213.9991 324.0742
2009_000247 0.6065 81.8073 112.7177 406.7805 353.8189
2009_000257 0.9268 9.9094 130.5646 500.0000 319.8843
2009_000300 0.7000 10.2330 40.9963 387.8298 322.3928
2009_000487 0.5037 146.7335 168.7790 282.6195 212.0833
2009_000783 0.9770 75.0512 38.8902 489.5122 370.3103
2009_000783 0.7879 8.6247 26.5169 359.5517 375.0000
2009_000783 0.7676 16.1449 45.2630 500.0000 256.9077
2009_000783 0.5954 211.0650 71.7797 491.1954 368.8041
2009_000811 0.6251 61.9986 47.9441 440.3758 330.1427
2009_000840 0.8673 0.0000 224.9234 375.0000 484.8881
2009_000846 0.9441 7.1798 26.1726 462.7151 353.7168
2009_000846 0.6192 96.5217 119.2522 498.1454 361.8396
2009_000992 0.7819 48.3060 62.2794 496.5342 375.0000
2009_001011 0.7401 0.0000 194.0053 364.3524 489.2742
2009_001038 0.6125 48.3622 200.8870 311.8787 474.0476
2009_001054 0.8962 0.0000 12.4015 375.0000 388.1740
2009_001054 0.8418 56.8641 98.8132 375.0000 489.5745
2009_001054 0.7075 0.0000 29.6489 274.8511 500.0000
2009_001054 0.6300 0.0000 11.6967 375.0000 184.3737
2009_001215 0.9597 23.2802 51.7796 460.5567 375.0000
2009_001215 0.8871 170.1598 60.1541 485.0308 361.8155
2009_001215 0.7539 31.9340 173.6142 500.0000 365.2803
2009_001215 0.5970 17.0571 15.4721 500.0000 225.3347
2009_001215 0.5242 263.4871 167.6550 494.7968 365.7732
2009_001225 0.5908 48.2678 174.7617 493.5764 365.6550
2009_001414 0.9321 80.6187 97.4571 497.2455 334.0000
2009_001426 0.9768 206.7249 220.2774 500.0000 369.9815
2009_001426 0.7477 37.4734 203.3881 402.5388 372.0915
2009_001437 0.8306 0.0000 183.4612 72.2584 272.0547
2009_001575 0.7098 0.0000 248.0712 373.4809 494.5745
2009_001621 0.7383 12.7205 243.8983 296.1395 369.2899
2009_001621 0.6330 3.9408 242.2834 470.6789 367.8051
2009_001684 0.6413 32.4539 230.0331 463.2936 331.0786
2009_001754 0.6497 114.1754 219.0536 345.6656 375.0000
2009_001784 0.6079 113.5473 394.0816 375.0000 493.1907
2009_001818 0.8830 0.0000 287.4518 281.0000 487.1495
2009_001818 0.7734 0.0000 359.6392 281.0000 500.0000
2009_001818 0.5554 0.0000 199.0766 281.0000 459.4473
2009_001848 0.8481 11.1793 301.0572 375.0000 489.6440
2009_001907 0.8077 85.1431 0.0000 493.7015 333.0000
2009_001907 0.7188 0.0000 116.0785 498.8893 332.0349
2009_001907 0.5075 7.2847 32.1197 391.4370 330.3390
2009_002003 0.5759 163.6849 31.0206 351.2776 247.1846
2009_002024 0.8992 25.6320 17.4816 488.8702 347.4438
2009_002024 0.5664 23.8335 147.2849 496.4715 349.1171
2009_002055 0.6666 116.2051 232.0189 297.4985 368.9554
2009_002078 0.6231 87.5066 88.5021 388.6180 192.3813
2009_002139 0.5973 14.2068 309.9622 291.3868 369.7455
2009_002169 0.5537 5.7409 82.5545 375.0000 498.0802
2009_002328 0.9412 22.7645 38.7893 341.8725 333.0000
2009_002328 0.9351 20.4442 75.2008 500.0000 323.8391
2009_002328 0.6163 151.4240 114.8254 487.7357 325.9606
2009_002328 0.5285 0.0000 170.7594 480.1266 329.9070
2009_002433 0.7141 134.7338 191.9647 399.8670 291.5356
2009_002433 0.5371 74.7901 200.2696 370.7957 326.5817
2009_002444 0.6865 152.1173 366.7465 367.5682 496.1532
2009_002471 0.7075 100.1343 195.0376 409.5170 364.9944
2009_002487 0.8104 156.2432 171.9411 339.5924 312.6487
2009_002487 0.6040 165.2726 219.5865 483.7475 333.0000
2009_002524 0.8225 358.9181 258.6173 494.1468 361.9691
2009_002524 0.7478 359.5685 285.7014 496.7219 324.9808
2009_002524 0.6549 388.7648 250.8009 497.4525 284.2301
2009_002649 0.5574 0.0000 222.5785 354.0875 497.1119
2009_002663 0.8166 55.7581 174.7785 396.4531 364.8770
2009_002771 0.5659 12.4930 316.3020 375.0000 498.9962
2009_002816 0.6858 46.8100 306.9895 306.5079 493.9276
2009_002816 0.6420 14.2860 321.2558 175.3262 482.3112
2009_002816 0.5850 158.6695 301.0305 316.7718 471.8300
2009_002836 0.6063 0.0000 197.1774 466.3179 366.9573
2009_002836 0.5559 0.0000 38.2114 499.6368 362.2478
2009_003071 0.9776 80.0714 188.9434 483.5981 329.3545
2009_003071 0.5301 156.4369 128.1462 495.0533 333.0000
2009_003251 0.9153 55.5033 154.2208 441.8636 352.2741
2009_003251 0.5170 46.1213 218.3817 389.9543 363.1902
2009_003282 0.6590 0.0000 316.3014 375.0000 500.0000
2009_003507 0.5601 121.9719 324.0492 314.4914 500.0000
2009_003642 0.7477 95.0639 333.8640 355.3257 491.9877
2009_003671 0.6107 261.5969 132.4089 403.3562 247.0327
2009_003759 0.5881 111.6665 194.0836 266.8729 318.7200
2009_003795 0.8203 57.3640 220.8775 433.0551 368.2139
2009_003914 0.9076 11.0806 39.5421 500.0000 366.3192
2009_003914 0.7613 170.2133 21.5064 487.2889 325.8129
2009_003914 0.7060 0.0000 5.5277 496.3625 260.4006
2009_003973 0.5545 43.0205 206.8944 400.3102 368.2948
2009_004032 0.9649 11.6388 215.7913 495.5047 370.3262
2009_004124 0.7061 3.1818 116.7859 327.0007 311.3912
2009_004131 0.5226 366.7049 197.5963 500.0000 364.8746
2009_004140 0.8491 65.4533 214.7523 467.1600 366.7701
2009_004263 0.8130 118.1445 272.8893 349.5534 445.2248
2009_004309 0.8636 113.7745 232.2337 494.3504 367.5103
2009_004499 0.7425 100.9425 124.1263 436.1650 326.7727
2009_004532 0.7096 23.2461 209.8202 432.5483 365.5033
2009_004720 0.7992 22.3342 91.3221 476.1570 367.4565
2009_004769 0.9223 0.0000 330.0080 363.4633 490.6137
2009_004769 0.6880 112.0098 324.7014 353.9444 455.7444
2009_004859 0.8798 72.9598 130.3889 500.0000 352.0191
2009_004869 0.5728 80.9669 161.6907 487.2723 323.3290
2009_004974 0.6632 4.2619 144.4087 240.6595 491.7708
2009_005038 0.5650 5.6205 355.2301 375.0000 500.0000
2009_005062 0.5102 12.9302 147.8407 362.7447 399.0019
2009_005080 0.8991 4.1603 191.3911 145.4391 374.4463
2009_005165 0.7333 15.2715 123.5882 360.5746 483.6516
2009_005171 0.5015 272.0882 266.2346 499.2038 370.1076
2009_005202 0.9438 12.6737 77.7465 385.5739 363.0387
2009_005205 0.7329 27.6153 170.4863 359.9973 489.2659
2010_000001 0.8226 0.7464 4.2593 227.1195 107.7767
2010_000001 0.7846 0.0000 223.8831 500.0000 328.0323
2010_000001 0.5567 14.9214 6.1698 234.9090 196.3574
2010_000015 0.9271 6.7006 89.5561 500.0000 357.2976
2010_000015 0.7246 26.0450 132.5683 383.1247 362.6770
2010_000015 0.5305 11.1386 192.1246 498.9528 364.6537
2010_000088 0.8740 22.4585 52.9688 494.8670 375.0000
2010_000088 0.7269 176.0358 22.1135 480.8058 336.8273
2010_000110 0.6984 0.0000 267.7230 326.7177 490.1479
2010_000127 0.8707 0.0000 272.8579 373.2898 483.3610
2010_000172 0.6639 0.0000 206.2843 474.5605 375.0000
2010_000256 0.9218 140.2544 159.7461 455.8103 293.4958
2010_000325 0.7267 0.0000 324.8207 372.8841 495.1917
2010_000352 0.5884 6.2439 252.5677 390.6789 358.8430
2010_000669 0.6237 29.7739 306.7061 215.5607 370.2000
2010_000705 0.6297 205.8400 277.7435 333.8198 339.0153
2010_000754 0.9396 29.9551 214.3794 372.8317 330.2206
2010_000897 0.9167 0.0000 0.7941 500.0000 375.0000
2010_000944 0.6267 316.1757 242.1121 500.0000 367.2801
2010_000944 0.5280 12.8316 261.6614 473.0410 369.1682
2010_000968 0.6149 38.3331 158.8129 484.0828 359.8296
2010_001181 0.7757 0.0000 43.9962 490.5720 350.7459
2010_001181 0.7136 177.4233 45.5919 484.7923 330.3094
2010_001181 0.6082 76.9408 172.4893 486.3046 375.0000
2010_001181 0.5902 16.9967 31.7026 308.0737 366.7778
2010_001287 0.7364 144.9673 191.0594 455.1230 323.0237
2010_001351 0.9474 0.0000 206.4598 500.0000 333.0000
2010_001351 0.6083 25.9753 32.3446 388.1225 325.8246
2010_001535 0.8086 421.3754 128.6573 500.0000 248.8125
2010_001535 0.5299 14.1742 276.6723 500.0000 373.4046
2010_001579 0.8177 0.0000 223.6186 492.1938 372.2881
2010_001680 0.9406 15.0938 71.7289 464.2706 354.1724
2010_001682 0.7690 43.3068 195.8033 324.4816 371.6963
2010_001773 0.7785 47.8455 97.4342 475.8377 352.0956
2010_001777 0.9130 0.0000 78.7024 375.0000 500.0000
2010_001777 0.5805 0.0000 74.5021 318.2307 375.1172
2010_001777 0.5404 3.3286 270.6897 375.0000 500.0000
2010_001845 0.9008 0.0000 0.0000 490.6988 333.0000
2010_001845 0.7175 0.0000 140.7254 500.0000 333.0000
2010_001851 0.8345 148.8423 204.2914 294.8874 346.9254
2010_002002 0.5464 96.1086 241.1330 463.1835 337.3267
2010_002006 0.9337 0.0000 261.9260 324.0000 430.1225
2010_002050 0.7506 194.0411 53.5599 487.4295 365.2327
2010_002050 0.6765 31.5346 66.6382 472.0775 375.0000
2010_002050 0.5876 22.1121 32.0877 314.8824 306.2632
2010_002269 0.5846 141.6247 274.4513 500.0000 373.7541
2010_002316 0.8202 75.1513 121.8827 498.7518 383.4468
2010_002366 0.7139 6.8039 348.8766 255.0361 499.0470
2010_002373 0.6847 12.1126 279.4486 267.4091 490.1121
2010_002461 0.5708 216.3478 207.1088 482.1080 324.9506
2010_002512 0.5898 0.0000 115.4336 500.0000 330.7370
2010_002539 0.7628 28.8681 376.8792 257.4982 492.6093
2010_002561 0.6292 35.1485 223.9630 437.1192 367.5651
2010_002639 0.7026 24.4294 151.6556 472.3102 359.2789
2010_002714 0.6779 35.6005 161.3533 469.2517 375.0000
2010_002721 0.5541 43.2684 103.1159 463.3140 339.3523
2010_002723 0.6825 0.0000 223.1063 494.5379 372.7217
2010_003091 0.5086 0.0000 250.2697 412.5373 375.0000
2010_003092 0.8586 0.0000 209.0414 500.0000 370.3138
2010_003092 0.8210 220.6069 225.6631 498.0130 375.0000
2010_003092 0.5133 203.2523 114.5425 494.3885 374.0859
2010_003154 0.9155 138.0265 245.5060 358.0191 363.3056
2010_003187 0.8959 0.0000 131.5341 500.0000 372.9607
2010_003325 0.6916 98.3404 290.6796 495.1162 375.0000
2010_003468 0.5419 0.0000 356.8123 375.0000 489.8774
2010_003520 0.5353 69.8123 388.7440 285.9825 494.9268
2010_003594 0.8825 0.0000 11.0340 500.0000 353.9085
2010_003594 0.5899 17.0913 111.2705 434.7123 368.7978
2010_003597 0.6072 22.5931 206.1127 333.5511 364.5259
2010_003758 0.6340 73.2456 203.1148 459.7356 335.0000
2010_003762 0.8308 0.0000 156.2338 498.7523 351.7357
2010_003762 0.7224 4.3706 68.4652 362.5526 344.1938
2010_003861 0.9266 29.6336 259.9495 436.9630 372.1765
2010_003976 0.6947 275.0291 256.1717 493.0886 372.0551
2010_003976 0.5683 128.0509 245.4759 493.1921 373.4019
2010_004278 0.9038 22.4220 8.4522 430.8703 330.4098
2010_004278 0.8424 9.5547 30.6413 448.1496 204.6965
2010_004290 0.6203 10.0672 0.0000 445.0172 339.5369
2010_004380 0.9045 23.2409 143.5073 330.9468 489.9930
2010_004380 0.8244 37.1580 253.8842 304.3967 485.3130
2010_004380 0.5900 16.9668 63.5022 328.9106 401.5413
2010_004391 0.8964 100.1346 14.6480 499.3448 271.1400
2010_004391 0.7125 24.0562 5.8382 385.6536 264.6895
2010_004391 0.5524 155.8090 18.7472 495.9437 166.4361
2010_004551 0.8172 0.0000 256.9540 331.9079 498.1747
2010_004551 0.7859 0.0000 355.8461 333.0000 495.8627
2010_004597 0.6118 129.2088 148.5565 418.2445 358.8011
2010_004778 0.7429 79.6938 157.7225 367.9631 362.1723
2010_004828 0.6589 11.0722 197.2612 496.6367 368.8922
2010_004866 0.5959 4.0860 197.8493 500.0000 328.6911
2010_004909 0.7137 37.0678 170.1249 447.7437 365.1668
2010_004982 0.5958 12.9860 348.7643 366.0000 495.9229
2010_004992 0.5719 43.1333 89.1019 370.4788 330.4865
2010_005180 0.8274 168.0960 236.0333 339.1112 368.5825
2010_005369 0.6203 0.0000 275.9640 499.1781 375.0000
2010_005493 0.6820 22.2240 131.7606 350.5617 463.7330
2010_005576 0.8896 10.6222 0.0000 489.3758 363.3383
2010_005576 0.6191 17.7411 139.8676 492.5881 370.9786
2010_005576 0.5316 0.0000 2.6985 305.4608 367.2570
2010_005620 0.6633 45.3996 204.8822 430.2511 335.1695
2010_005764 0.8444 61.1159 256.0494 496.3212 371.3611
2010_005883 0.8241 0.0000 371.1592 333.0000 498.1776
2010_005884 0.7432 25.0574 225.1937 500.0000 329.5033
2010_005884 0.5093 20.5130 209.9173 305.0879 328.8018
2010_005901 0.8356 9.2331 237.6818 434.5736 373.5822
2010_005936 0.8048 0.0000 268.3189 500.0000 375.0000
2010_005938 0.8120 203.1304 56.9324 491.1067 363.5506
2010_005992 0.5205 262.0374 184.7446 492.9961 325.9804
2011_000016 0.8818 326.5648 256.6478 485.1193 371.1373
2011_000036 0.5085 155.4663 208.7962 383.7647 346.8932
2011_000065 0.5977 44.4959 51.7858 472.9353 348.4840
2011_000098 0.8797 93.8047 147.8734 306.6979 375.0000
2011_000226 0.6059 43.7055 247.1073 311.0128 481.1000
2011_000257 0.9126 0.0000 48.9596 366.8944 491.7395
2011_000408 0.7840 12.8410 182.4105 414.7321 370.7863
2011_000408 0.5533 26.0149 254.7108 376.1055 369.9113
2011_000427 0.8791 0.0000 212.1332 468.6842 373.7952
2011_000745 0.7654 63.6144 163.5502 447.6553 370.6906
2011_000765 0.5475 0.0000 187.0463 500.0000 369.1409
2011_000917 0.5442 9.0470 327.3721 171.2114 500.0000
2011_000917 0.5225 242.2872 301.9713 342.7022 429.6801
2011_000919 0.7462 101.6595 191.6000 402.1747 370.2458
2011_000919 0.5267 182.3338 222.7326 375.9474 365.2765
2011_000932 0.7563 0.0000 283.6694 162.9944 373.8873
2011_000951 0.5249 37.6878 160.8247 380.7466 330.4150
2011_000953 0.8798 36.3765 256.5955 500.0000 375.0000
2011_001008 0.5096 14.1870 145.5235 500.0000 358.1479
2011_001058 0.7597 191.6824 243.1352 464.6064 329.9893
2011_001106 0.9163 18.6248 239.7837 353.5374 484.2560
2011_001167 0.7152 218.8868 297.0387 464.0756 370.3650
2011_001305 0.8537 17.2888 212.2688 436.8193 369.8195
2011_001330 0.5623 292.2766 140.5852 484.0112 359.3374
2011_001366 0.8649 131.3730 113.0119 395.7721 269.4356
2011_001366 0.7766 108.9436 95.8525 395.9764 353.9622
2011_001370 0.6863 12.7694 208.4853 442.6122 369.8463
2011_001370 0.5353 20.6296 262.5769 348.0522 372.8285
2011_001678 0.9682 75.6969 213.7888 456.4970 361.8548
2011_001691 0.5399 141.9133 269.1037 229.8500 365.2770
2011_001719 0.7183 56.2389 232.7004 208.9297 309.7352
2011_001719 0.5215 52.5631 229.3144 227.9960 281.4636
2011_001770 0.9653 8.4149 4.2445 423.5443 373.5864
2011_001770 0.6572 17.6231 147.2498 455.2908 369.7466
2011_001820 0.8294 58.0855 267.7697 500.0000 392.0000
2011_001842 0.9397 83.1102 190.1828 383.3437 358.2018
2011_001842 0.7055 105.6621 240.4608 426.9782 366.4949
2011_001847 0.7144 0.0000 262.5862 304.2934 493.3882
2011_001900 0.8399 9.1734 123.4916 283.3961 423.0000
2011_001975 0.5258 66.9866 183.9655 500.0000 365.2702
2011_002074 0.7807 33.3237 212.7973 400.5901 368.5991
2011_002075 0.6657 35.9089 268.8682 500.0000 373.6257
2011_002075 0.6644 141.2945 178.9829 500.0000 375.0000
2011_002185 0.9401 4.9556 139.9395 374.5992 500.0000
2011_002200 0.9721 96.5516 164.7459 431.5320 358.9547
2011_002241 0.9490 46.6512 143.4214 442.6031 366.1083
2011_002270 0.6135 0.0000 8.3808 500.0000 332.0000
2011_002270 0.6009 3.2036 13.0430 284.4854 329.7708
2011_002298 0.7338 15.3257 193.7332 460.7824 372.7184
2011_002358 0.6295 88.5606 150.1893 409.4296 355.0674
2011_002391 0.6114 191.0624 288.4431 338.6997 373.9107
2011_002453 0.7410 19.8572 207.9261 347.6101 375.0000
2011_002453 0.6157 0.0000 293.7953 347.5670 373.3863
2011_002531 0.6978 168.7602 140.3798 332.8854 328.1686
2011_002542 0.9044 116.2613 169.7328 404.1753 367.9126
2011_002610 0.6036 87.0612 138.4030 292.6374 244.8340
2011_002640 0.7871 156.6760 209.3168 360.9199 327.1469
2011_002644 0.6875 336.7122 198.2046 436.4502 249.9555
2011_002838 0.5731 0.0000 230.8706 464.4948 368.5471
2011_002880 0.7459 0.0000 291.2616 357.6050 441.5302
2011_002985 0.9386 2.4661 141.4693 366.4853 377.0000
2011_002985 0.8283 0.0000 232.2541 432.5952 377.0000
2011_002994 0.7186 166.6636 216.9291 323.8283 317.8343
2011_002994 0.5998 210.9629 204.6230 352.2666 313.3743
2011_003011 0.6629 70.1298 184.0930 297.8691 483.1232
2011_003011 0.5399 53.6464 315.8135 333.0000 500.0000
2011_003039 0.6057 26.6987 244.8950 277.9736 367.2511
2011_003050 0.6336 88.2129 150.0788 484.9312 238.0000
2011_003185 0.5281 0.0000 233.7014 500.0000 375.0000
2011_003242 0.7126 68.9843 157.0921 436.7807 370.1375
2011_003262 0.8917 76.6183 184.6016 383.6291 351.5459
2011_003262 0.8286 65.1202 113.9131 427.9879 349.2877
2011_003271 0.6500 3.7729 141.0284 500.0000 477.7392
