2008_000009 0.5866 128.7293 169.8720 202.1601 196.5601
2008_000026 0.6277 192.6784 154.1199 335.1333 319.7791
2008_000059 0.9922 0.0000 73.6978 365.7489 475.1389
2008_000078 0.9954 45.0923 2.8668 431.6967 458.0468
2008_000080 0.9995 199.3253 68.4097 402.6757 280.4492
2008_000138 0.9885 198.9250 344.9430 290.5305 400.3321
2008_000183 0.9928 26.8377 37.6294 243.3996 500.0000
2008_000183 0.5699 14.8231 42.0253 222.9032 352.3630
2008_000183 0.5476 11.4556 213.4400 234.4149 497.1190
2008_000239 0.9756 110.3029 119.0796 292.0161 303.5914
2008_000268 0.7254 320.7074 134.4704 484.5321 329.0373
2008_000270 0.8529 314.6682 203.3215 488.6317 331.5447
2008_000419 0.9795 128.7635 74.3218 358.4211 277.3469
2008_000661 0.9986 195.2793 97.0624 444.1186 290.8369
2008_000706 0.9923 303.1785 200.9796 397.6530 315.9612
2008_000788 0.9982 18.1125 62.1785 298.4717 500.0000
2008_000788 0.6117 6.0180 103.1799 193.4078 500.0000
2008_000793 0.5747 186.0153 37.9258 461.0814 321.4969
2008_000837 0.9735 174.0827 183.6685 291.7121 477.8059
2008_000837 0.7146 92.7676 172.0476 266.0193 490.0000
2008_000863 0.9925 240.3682 44.8413 388.0510 259.8237
2008_000897 0.9454 246.6674 282.0583 344.1997 341.2566
2008_000931 0.9841 22.7126 9.9378 435.0550 261.3200
2008_000943 0.9986 0.0000 114.6140 340.4633 385.1527
2008_000956 0.9965 44.3665 24.6086 323.3950 418.5628
2008_000956 0.9693 165.3905 23.1348 455.4133 441.0000
2008_000956 0.6254 231.4842 27.6189 426.9109 367.1391
2008_000956 0.5694 84.0122 0.0000 252.4560 415.1346
2008_001070 0.9871 159.1863 118.2103 315.8345 295.1663
2008_001210 0.8186 6.6459 108.7950 309.1299 446.5140
2008_001220 0.9891 59.7765 38.4512 444.2522 364.1291
2008_001220 0.9881 304.3138 22.2216 486.3481 274.1486
2008_001248 0.9790 152.5724 216.0331 244.9315 355.7847
2008_001379 0.9993 128.2544 68.1207 321.8792 353.7351
2008_001379 0.8553 129.4642 157.3074 296.3888 351.5899
2008_001410 0.9857 209.4275 136.0229 300.6072 203.0132
2008_001430 0.9941 0.3578 55.0563 493.5151 378.7044
2008_001430 0.5469 63.6677 11.5669 500.0000 254.9417
2008_001436 0.7889 160.3957 44.4969 493.3206 300.7059
2008_001456 0.9809 54.1209 18.9170 466.6923 169.4901
2008_001456 0.9639 192.1026 32.1796 461.3561 165.4025
2008_001456 0.8584 347.8565 36.3755 463.6956 159.2419
2008_001478 0.9886 68.2906 162.9496 419.6212 295.3888
2008_001478 0.9644 31.2855 201.4735 418.0775 365.1278
2008_001660 0.8281 166.7795 114.3886 234.1954 186.0690
2008_001676 0.9966 4.9981 15.3855 477.8726 485.6481
2008_001816 0.9842 108.6784 50.2564 488.6790 323.2913
2008_001862 0.9991 134.4144 0.3850 276.4108 209.0455
2008_001871 0.9930 41.0358 53.7912 262.5361 379.8581
2008_001895 0.9754 1.3078 10.7937 323.3307 333.0000
2008_001895 0.6791 60.3003 2.1069 500.0000 326.6074
2008_001934 0.8697 21.0938 12.7352 154.6334 200.1352
2008_001965 0.9275 0.0000 138.3318 106.5674 290.0872
2008_002003 0.8929 173.9627 70.5425 315.3425 226.4945
2008_002045 0.9035 38.2220 44.5246 437.0559 350.9426
2008_002045 0.7827 127.8355 119.5718 490.3719 360.4727
2008_002045 0.7689 2.1007 14.2609 359.4241 296.2622
2008_002084 0.8982 210.0208 200.7566 343.9831 362.7633
2008_002239 0.9976 216.3327 22.7557 417.4820 293.8598
2008_002267 0.8507 0.0000 175.9320 367.4325 370.8069
2008_002267 0.6497 1.4879 136.2411 139.6863 196.2247
2008_002298 0.6749 260.3996 194.8604 452.2924 369.6182
2008_002359 0.9940 292.6394 61.3813 449.6530 189.3397
2008_002359 0.9326 22.2511 56.2682 293.0711 350.7353
2008_002395 0.9962 197.8351 157.6475 308.1590 219.7685
2008_002408 0.9986 90.5507 114.7642 308.2360 251.7693
2008_002408 0.8176 232.8594 134.7590 339.3992 258.6560
2008_002430 0.9965 30.5274 117.4850 93.8108 215.5363
2008_002494 0.9944 226.9592 220.7216 369.0266 359.8929
2008_002536 0.9983 39.0198 136.8884 214.1811 224.8810
2008_002598 0.9657 88.1732 204.7340 343.3618 500.0000
2008_002687 0.9819 12.9511 63.3003 432.5967 358.7700
2008_002814 0.9720 103.6731 19.6433 500.0000 309.1456
2008_002814 0.8292 3.1438 28.6026 408.8532 304.4824
2008_002859 0.9816 77.9361 35.5065 458.3781 347.0861
2008_002904 0.8085 79.9538 60.0350 385.9494 296.5863
2008_002936 0.9981 0.0000 42.8206 245.3450 322.4896
2008_002958 0.9888 72.8633 200.5461 227.2072 291.9985
2008_002992 0.9397 68.6288 144.2011 176.1359 445.3326
2008_003133 0.9863 145.3376 14.9395 486.7040 339.7213
2008_003133 0.8960 13.9224 19.3015 441.6384 318.1653
2008_003133 0.6232 7.5632 10.8385 332.9678 248.3622
2008_003133 0.5406 272.4466 22.1008 500.0000 346.0000
2008_003238 0.9934 39.1935 107.9116 366.9984 442.5722
2008_003286 0.9978 224.6914 177.5914 488.4109 319.4274
2008_003331 0.8015 104.1401 206.8393 279.7209 305.7010
2008_003374 0.9989 5.2282 25.9922 97.4637 84.9087
2008_003443 0.9627 0.0000 45.6530 500.0000 328.8986
2008_003443 0.6961 195.9261 41.0716 495.2337 324.4131
2008_003511 0.9879 99.4493 154.2995 200.4447 316.8850
2008_003511 0.5439 177.6982 48.9834 200.9637 73.4940
2008_003572 0.9937 163.4566 94.3286 298.2724 210.2918
2008_003576 0.9688 185.8850 70.9806 379.0796 311.5012
2008_003576 0.7946 261.6876 82.7332 408.1224 310.8441
2008_003607 0.9947 301.9740 240.4752 459.2628 372.8546
2008_003607 0.9945 45.9417 235.6897 196.3433 316.7689
2008_003607 0.7841 41.7350 236.4939 265.5111 331.0777
2008_003607 0.6751 190.9732 246.6650 463.4749 363.8844
2008_003718 0.9960 147.3832 0.0000 323.4060 364.4345
2008_003755 0.9007 231.6718 162.7567 320.3564 323.8594
2008_003799 0.7951 138.6653 100.0356 432.8181 301.2933
2008_003799 0.5480 135.8977 112.5173 308.0109 296.6548
2008_003801 0.8910 179.7944 80.1170 487.7433 375.0000
2008_003838 0.9990 211.5315 96.8262 312.7668 297.1180
2008_003944 0.9982 166.7470 54.5908 459.7594 290.4832
2008_003944 0.9712 69.2843 86.8227 339.2401 304.2320
2008_004007 0.7692 0.0000 15.4508 380.6043 366.5744
2008_004015 0.9943 19.2972 18.4356 385.8480 429.5606
2008_004015 0.9068 14.9228 83.7939 267.5912 411.7321
2008_004015 0.8312 162.1740 14.7176 405.2038 415.6454
2008_004058 0.9796 19.1740 182.0252 397.5057 499.1024
2008_004121 0.9996 55.0783 53.0265 461.8461 278.0631
2008_004123 0.5119 331.7690 28.6648 486.2734 175.3347
2008_004174 0.8011 228.9257 67.6918 498.2805 362.4827
2008_004174 0.7648 42.4204 67.4991 500.0000 375.0000
2008_004188 0.9873 87.5417 194.6744 194.9810 292.0488
2008_004273 0.9814 0.0000 35.2983 464.3844 298.1022
2008_004297 0.6529 16.2494 189.2601 234.0987 352.3335
2008_004297 0.5213 354.9325 59.8766 416.9411 120.0355
2008_004306 0.9842 24.5097 7.0956 209.8592 242.1134
2008_004324 0.9963 95.0974 13.2158 322.2786 202.4181
2008_004402 0.9954 117.7319 38.9925 500.0000 367.2520
2008_004427 0.9926 128.9355 152.7040 276.0290 413.2106
2008_004459 0.5123 140.9090 209.2267 276.2921 362.9515
2008_004498 0.9776 148.1392 147.1465 179.2549 186.4340
2008_004525 0.9472 78.5632 98.2386 381.3089 327.4136
2008_004528 0.9949 51.5913 42.3197 356.7643 489.5126
2008_004606 0.6128 296.1492 182.1342 340.6008 245.0869
2008_004621 0.9013 144.4975 58.9045 334.8343 349.6414
2008_004621 0.8393 448.4826 0.0000 498.7346 36.0595
2008_004647 0.9761 2.0702 221.0267 196.6704 478.0954
2008_004653 0.9659 21.2736 37.7457 421.1427 302.6515
2008_004662 0.9968 82.9921 280.1629 334.8560 500.0000
2008_004662 0.9882 0.0000 13.6728 369.1427 485.8347
2008_004662 0.8463 40.2082 155.2652 349.5446 478.4278
2008_004662 0.5626 5.9258 38.9126 209.9080 493.1927
2008_004687 0.9365 35.3131 76.4974 356.6132 329.4055
2008_004695 0.9881 0.0000 151.2889 345.8045 393.3761
2008_004695 0.5128 253.2239 16.7253 500.0000 239.2484
2008_004702 0.9340 208.2232 150.0151 479.3372 330.7195
2008_004722 0.9996 4.8896 0.0000 473.0732 329.7548
2008_004745 0.9868 37.0118 212.1154 265.9554 450.0000
2008_004745 0.7290 344.3226 164.4161 445.3169 248.5132
2008_004745 0.7179 39.1535 203.0771 399.6145 442.0086
2008_004760 0.9896 16.8450 103.2395 378.7510 367.2575
2008_004768 0.9951 4.6538 37.7813 379.2400 366.9825
2008_004774 0.9188 98.1154 262.6811 159.2335 317.1552
2008_004774 0.8536 227.6408 264.0278 289.5159 335.1676
2008_004833 0.9978 51.9790 51.8719 458.5479 362.2744
2008_004833 0.9867 198.0452 39.9877 482.0668 346.5901
2008_004833 0.9805 11.0148 87.1568 319.2154 332.7621
2008_004833 0.9700 226.0794 48.8672 421.4964 282.9929
2008_004833 0.9175 172.5258 138.7194 463.9922 361.4792
2008_004833 0.8805 21.5244 106.9426 247.3940 304.9724
2008_004900 0.9938 16.6842 55.8009 375.0000 495.8566
2008_004900 0.8382 125.0733 132.8343 375.0000 500.0000
2008_004900 0.6480 26.7411 69.7229 335.8426 360.7279
2008_004933 0.7282 5.8257 0.0000 473.4379 356.2711
2008_004975 0.9925 170.1870 0.0000 500.0000 321.5106
2008_004975 0.6680 136.4523 0.0000 500.0000 204.5222
2008_005015 0.9922 18.3068 45.3761 331.3192 412.8282
2008_005046 0.6048 168.8152 201.1806 477.3501 318.1195
2008_005065 0.9845 65.0446 108.2979 105.9774 163.1526
2008_005111 0.9974 225.2023 369.8607 337.8377 465.3047
2008_005123 0.9720 107.8723 75.8556 490.6042 357.0067
2008_005160 0.9991 164.5356 92.3450 277.7037 352.6077
2008_005167 0.9972 198.6420 178.0455 310.1543 269.5809
2008_005181 0.9992 170.7266 246.3157 422.1887 373.5128
2008_005191 0.8389 75.6850 217.7554 161.2478 253.9899
2008_005194 0.9902 7.9260 71.7068 432.7213 374.6204
2008_005194 0.6663 116.9479 73.7274 456.9328 314.0948
2008_005197 0.9992 95.8050 147.6219 274.6962 307.1833
2008_005272 0.9497 60.2897 43.6615 317.6951 482.4376
2008_005272 0.8943 171.4405 104.7701 313.7776 293.4812
2008_005272 0.5387 0.0000 211.1652 178.4233 500.0000
2008_005335 0.9250 0.0000 0.0000 424.0831 331.5433
2008_005346 0.9971 67.1348 7.7017 494.5320 375.0000
2008_005361 0.9369 124.3081 96.0429 317.3339 265.9875
2008_005379 0.9898 78.3803 33.9139 360.1806 248.8949
2008_005406 0.9978 115.7751 25.6528 205.2960 162.1558
2008_005436 0.9993 13.7996 35.6234 348.4134 375.0000
2008_005436 0.6118 3.1921 111.0717 258.8081 375.0000
2008_005467 0.7075 72.0129 221.7635 227.1573 319.6074
2008_005467 0.6529 34.2001 112.0178 370.8224 310.1809
2008_005563 0.5096 297.6199 54.7440 374.6890 128.0734
2008_005564 0.9974 274.0703 43.3536 380.0968 222.1315
2008_005564 0.9480 61.5933 117.2302 226.9857 297.2893
2008_005601 0.9320 169.9749 123.7028 315.2621 196.5383
2008_005643 0.9818 73.9211 65.1927 372.4708 375.0000
2008_005643 0.7743 183.7280 108.4246 372.1424 367.9278
2008_005652 0.9899 68.4140 0.0000 320.7465 299.5772
2008_005703 0.9981 133.7071 21.1730 253.8956 239.8614
2008_005748 0.8823 40.1831 19.1959 410.6618 437.2267
2008_005792 0.8834 191.3731 148.1480 425.8447 284.4402
2008_005798 0.6872 72.7614 267.6113 158.2310 333.0412
2008_005831 0.9964 262.4803 257.2013 316.6028 342.9291
2008_005838 0.9951 78.9676 142.4458 468.1715 426.6021
2008_005860 0.9902 1.3426 112.0267 410.5004 370.6885
2008_005865 0.9897 207.6803 211.7234 313.4039 335.0000
2008_005883 0.9970 212.5643 26.6882 371.7125 265.1790
2008_005898 0.9995 153.1648 3.0614 418.1320 357.9362
2008_005964 0.7103 120.8548 72.4730 280.2212 223.6312
2008_005964 0.5096 85.3945 92.9627 437.8671 364.2615
2008_005980 0.9340 130.1910 400.6977 206.1237 496.5118
2008_006007 0.9854 35.5187 26.8072 422.0693 329.2943
2008_006007 0.7063 167.4330 38.2060 483.5351 321.8705
2008_006038 0.9582 57.7027 48.2783 373.3435 165.6028
2008_006041 0.9932 129.9525 38.0903 318.1628 218.2903
2008_006041 0.9631 85.7197 284.8927 198.8258 375.0000
2008_006071 0.9997 290.2311 187.2377 383.6324 269.5116
2008_006071 0.9141 173.4452 187.3331 222.3803 279.6847
2008_006130 0.9774 70.4433 99.0129 258.3623 260.9895
2008_006166 0.7785 33.7838 91.0888 348.3439 265.7986
2008_006175 0.8473 15.4624 33.3395 240.5520 296.9680
2008_006175 0.5471 5.7867 87.3171 346.4982 296.4865
2008_006178 0.9981 62.3186 92.2404 270.7523 406.6357
2008_006178 0.5324 56.0496 34.5678 275.1492 321.1186
2008_006203 0.9983 86.2862 79.2213 417.7107 343.4607
2008_006218 0.6805 115.2574 26.5960 350.4035 335.6050
2008_006239 0.9925 22.2174 0.0000 308.0424 500.0000
2008_006239 0.8045 36.9054 0.0000 325.8485 262.7355
2008_006239 0.6849 8.9565 153.8239 274.0062 500.0000
2008_006320 0.9988 122.7697 119.2826 289.8454 290.0412
2008_006356 0.9988 93.6551 74.4376 420.2895 373.3055
2008_006416 0.9701 138.3233 48.0649 310.5645 247.9006
2008_006425 0.9569 119.0848 27.6022 405.3788 232.7323
2008_006452 0.9983 149.2547 31.8373 500.0000 294.7139
2008_006502 0.9966 98.2957 54.3888 246.8933 363.2774
2008_006502 0.9942 283.2233 46.4291 457.7797 350.2308
2008_006568 0.9926 16.4936 12.6121 218.8280 479.6155
2008_006568 0.7350 22.7725 11.9990 225.2782 294.4181
2008_006587 0.9793 185.1030 122.9507 332.5359 339.5927
2008_006614 0.9076 81.8126 0.0000 483.6925 371.7171
2008_006616 0.8918 209.6040 267.7131 434.7347 435.7854
2008_006716 0.9942 12.1165 45.3912 291.4186 313.0000
2008_006722 0.6400 141.6075 86.6587 342.8569 243.1409
2008_006722 0.5071 180.6790 57.4777 486.2759 278.2523
2008_006743 0.9704 104.7085 133.6395 305.8871 466.0314
2008_006743 0.9129 102.6561 132.1439 287.4022 315.5110
2008_006746 0.8589 125.7509 35.7157 473.1613 305.6659
2008_006746 0.5308 40.6219 30.8391 415.7138 266.9002
2008_006798 0.9990 82.4469 72.6154 214.6149 258.2323
2008_006811 0.7206 24.0956 46.3796 421.2585 451.0000
2008_006825 0.9936 162.8083 76.7875 231.6885 137.2111
2008_006837 0.9980 35.9980 126.7716 303.9811 393.0039
2008_006863 0.6745 184.8860 128.7065 300.0748 305.1423
2008_006870 0.9732 190.6699 171.0948 432.8874 350.9500
2008_006880 0.9507 87.9560 90.7018 228.1443 236.1725
2008_006892 0.6307 172.3895 139.3514 371.0553 307.1246
2008_006892 0.5710 21.0294 243.1639 244.7448 353.7762
2008_006968 0.9954 129.7018 85.5896 350.8340 332.9584
2008_006981 0.9871 102.4589 77.7440 265.2206 239.6224
2008_007021 0.9614 16.0128 129.6149 129.9384 216.2073
2008_007021 0.9237 275.0150 140.4475 406.5599 248.9388
2008_007057 0.7540 86.6391 38.7922 500.0000 372.1466
2008_007070 0.5440 372.9085 99.5039 438.4546 148.3431
2008_007108 0.9975 207.5601 219.2705 351.1870 330.0589
2008_007163 0.9985 179.4640 188.2731 374.2961 436.8449
2008_007167 0.6651 292.6529 85.9234 327.1100 116.6960
2008_007187 0.9072 12.2054 20.2595 369.6206 215.6038
2008_007187 0.7956 7.3249 7.1907 218.2500 204.4347
2008_007187 0.5471 18.0715 13.8416 149.3285 99.9088
2008_007279 0.9689 105.0051 63.3009 467.9413 334.8557
2008_007295 0.9991 212.6982 159.7363 256.1751 254.8574
2008_007311 0.9986 32.0600 70.3021 421.5113 373.0345
2008_007311 0.5604 19.3606 63.9880 273.9062 369.3600
2008_007344 0.6324 96.6328 158.3140 171.2536 226.1847
2008_007358 0.9862 82.7380 168.7695 282.1883 407.9550
2008_007378 0.9962 4.5933 130.8343 326.0136 297.8503
2008_007384 0.9398 10.9603 42.6877 418.9589 317.7835
2008_007384 0.7067 315.4073 112.7755 447.4161 245.5459
2008_007384 0.6905 115.6994 37.9433 443.2155 236.6655
2008_007417 0.9932 99.3179 131.3276 147.5421 209.4498
2008_007455 0.9812 13.4731 5.0559 472.7460 260.1771
2008_007461 0.9964 37.3136 20.1206 462.9482 302.6291
2008_007478 0.9356 97.0109 171.6984 176.2593 283.6281
2008_007494 0.6852 20.8965 8.7286 332.6809 489.0000
2008_007513 0.9982 81.1146 119.3976 470.5880 320.3185
2008_007538 0.9955 110.8190 70.9909 429.3137 362.3432
2008_007567 0.8121 361.0156 219.5901 489.8887 369.9263
2008_007583 0.9935 178.7263 47.4776 427.3491 308.7130
2008_007583 0.7500 175.6423 72.3479 340.2785 309.5020
2008_007612 0.9299 145.0114 202.1648 333.0000 423.0375
2008_007649 0.9444 82.6773 51.9154 449.1442 308.2819
2008_007668 0.9844 194.2954 66.4769 408.3664 271.5565
2008_007668 0.8519 125.0452 77.5246 397.8976 340.5917
2008_007694 0.9554 73.0496 86.8326 384.7285 348.3095
2008_007735 0.9091 71.8185 87.8409 447.5707 296.4732
2008_007745 0.7539 124.3550 239.5694 189.4878 282.8518
2008_007819 0.9968 0.0000 328.3155 104.8822 489.7525
2008_007871 0.8078 398.1918 193.9462 446.5187 275.8265
2008_007875 0.9987 183.5403 66.9957 300.9364 309.4568
2008_007902 0.9803 40.0160 106.6575 313.7255 322.1982
2008_007917 0.9997 307.2278 109.6069 402.7589 203.5380
2008_008052 0.7997 31.3685 83.1848 416.0946 347.0165
2008_008393 0.7513 197.2766 0.0000 477.2996 366.2688
2008_008433 0.9746 100.8782 140.9767 272.9356 360.6757
2008_008622 0.9968 63.3783 255.4406 170.3797 346.0962
2008_008622 0.9902 217.3104 57.2838 379.7064 136.0121
2008_008636 0.9786 18.3076 40.1890 416.8585 391.2282
2008_008636 0.5350 292.5698 45.1069 412.6176 128.4594
2008_008675 0.6795 7.1919 8.6285 427.4764 339.0856
2009_000002 0.9784 106.7048 72.3943 226.3385 217.7099
2009_000012 0.8285 91.9281 55.4579 327.4907 214.2729
2009_000013 0.5818 178.9716 122.3489 498.7773 284.5137
2009_000045 0.9320 54.5089 0.0000 495.9343 372.3094
2009_000142 0.9779 90.3559 98.4599 378.6028 238.8032
2009_000142 0.9754 5.7184 166.1234 272.5673 360.2793
2009_000142 0.9327 140.3941 35.8724 471.8195 230.8746
2009_000142 0.7329 41.2524 120.2874 360.0816 346.3898
2009_000142 0.6038 304.4206 194.6330 354.8453 227.3820
2009_000142 0.5455 67.1528 54.5565 454.9516 312.3728
2009_000156 0.9964 147.4312 116.3825 262.2644 243.9499
2009_000181 0.9991 35.8834 23.4471 442.9404 426.0359
2009_000181 0.6070 32.3421 109.6108 298.8229 430.7450
2009_000189 0.9750 42.1822 148.1673 307.3126 455.1504
2009_000219 0.6805 57.3691 112.2482 387.0425 369.0016
2009_000321 0.9998 51.7277 72.3405 330.1561 494.0186
2009_000321 0.7459 44.2674 63.8266 330.5926 329.1336
2009_000410 0.9956 6.6210 90.1331 226.5840 400.0000
2009_000430 0.9719 253.9357 192.9467 300.6339 287.1056
2009_000496 0.9912 69.2690 28.8926 410.1955 343.2344
2009_000499 0.9941 353.9783 246.8523 408.4315 299.9449
2009_000499 0.5857 323.7637 252.3318 356.7065 304.1557
2009_000511 0.8616 68.0002 104.5354 498.6986 366.1967
2009_000512 0.9576 57.3597 48.4540 388.8903 307.3768
2009_000550 0.9869 136.5444 64.2207 426.0581 324.1158
2009_000593 0.9840 46.1289 146.6539 191.3572 267.6438
2009_000647 0.9587 64.8450 22.2321 340.3915 400.3440
2009_000702 0.9695 23.8628 0.0000 482.6832 296.3494
2009_000702 0.5154 2.0261 6.6765 399.0257 224.5033
2009_000778 0.9901 92.6407 9.6661 366.4031 441.7898
2009_000779 0.9394 23.7499 49.6349 486.6146 354.7321
2009_000839 0.9905 1.9806 0.0000 328.3995 500.0000
2009_000839 0.6940 73.3992 106.2086 333.0000 490.4135
2009_000856 0.9992 159.1508 167.7987 383.7213 303.2931
2009_000856 0.5611 158.7141 121.7045 320.5758 299.3129
2009_000871 0.9829 169.2392 51.9507 336.3691 284.5838
2009_000892 0.9996 234.9875 86.9408 394.6587 267.1063
2009_000923 0.9916 110.0348 138.1727 330.1893 496.5955
2009_000923 0.6239 131.2303 150.7669 307.5623 360.6437
2009_000935 0.9998 232.0977 14.5965 342.4087 249.4258
2009_000964 0.6838 115.1545 157.6656 297.7459 265.8395
2009_000964 0.5744 202.7042 156.4614 294.8147 242.4303
2009_000989 0.7844 255.7735 113.3640 305.6840 183.5411
2009_001006 0.7423 77.6707 0.0000 254.8479 224.1899
2009_001026 0.9946 0.0000 261.3329 90.1861 365.8601
2009_001026 0.9901 166.9694 248.3478 262.2263 349.1618
2009_001026 0.9678 82.4949 247.3149 174.3449 349.3272
2009_001026 0.8474 323.0353 247.8871 402.3169 361.6999
2009_001066 0.8897 251.0950 153.4267 471.3895 362.8192
2009_001075 0.9977 131.1106 56.8160 493.2322 371.3399
2009_001075 0.6396 50.7569 65.7826 393.3633 374.0194
2009_001139 0.9093 141.0813 96.1666 316.8635 371.9279
2009_001139 0.6130 132.9025 12.8694 358.0730 375.0000
2009_001207 0.5356 166.1434 122.0706 370.7538 327.8050
2009_001225 0.9991 144.5347 76.2380 361.4574 281.8809
2009_001286 0.9060 153.8747 14.8893 410.1541 365.5460
2009_001288 0.9985 101.8105 11.9013 476.5396 340.9803
2009_001367 0.9986 25.9124 131.4056 446.4323 360.3487
2009_001449 0.6272 50.2925 15.8556 494.6461 477.5570
2009_001470 0.6271 182.7155 121.7690 326.8033 229.9818
2009_001498 0.9849 97.1080 1.3092 490.2320 314.4789
2009_001535 0.9979 208.2417 38.5439 500.0000 334.0000
2009_001535 0.5326 16.8556 28.2983 433.5812 333.9668
2009_001568 0.9750 58.6687 44.4582 438.4926 281.5269
2009_001568 0.9533 204.2063 131.4348 394.6215 279.8757
2009_001568 0.7229 169.4404 71.9465 475.0994 267.9011
2009_001577 0.7253 5.4222 56.1697 278.6261 329.8204
2009_001577 0.7068 311.2319 5.9510 451.5290 114.0777
2009_001606 0.9943 11.8746 71.2429 486.8095 323.5408
2009_001606 0.7945 0.0000 118.0772 342.9044 333.3749
2009_001623 0.7069 297.4099 119.2803 396.5746 265.5940
2009_001653 0.7768 2.9236 122.0461 197.9736 493.9741
2009_001653 0.7183 0.0000 70.2617 304.5496 500.0000
2009_001687 0.9761 45.5972 147.1513 361.3407 451.3538
2009_001687 0.9622 39.6089 120.6381 316.6355 364.4578
2009_001687 0.7414 34.5138 86.4631 273.1934 230.5440
2009_001733 0.9919 62.2281 75.8739 284.9428 408.6895
2009_001738 0.7512 130.7785 1.2138 190.8101 38.8742
2009_001774 0.9832 190.7216 40.3891 351.9962 302.7214
2009_001778 0.9952 17.9635 153.6457 292.9779 346.4689
2009_001833 0.9937 94.9577 110.4833 333.7186 263.2095
2009_001881 0.9675 59.3820 139.8821 375.0000 432.8695
2009_001881 0.7032 15.2485 113.6747 366.6235 240.7839
2009_001916 0.9987 33.9945 25.5813 341.1326 481.7491
2009_001971 0.9952 279.4363 208.4427 341.4637 250.2764
2009_002012 0.9949 21.8404 69.5495 360.1897 333.0000
2009_002031 0.9529 220.1225 70.0986 494.1714 333.0757
2009_002031 0.8531 6.0540 96.5011 258.0871 266.7343
2009_002039 0.9960 28.3283 3.2380 361.8284 478.4171
2009_002039 0.5129 29.5185 14.8323 282.0538 386.6250
2009_002141 0.6464 22.7375 2.8061 488.3318 348.5073
2009_002155 0.9533 53.6755 37.8177 387.7897 343.1206
2009_002155 0.5602 31.5323 140.0282 307.2430 359.1213
2009_002165 0.9048 104.5435 132.6412 331.5012 295.7635
2009_002177 0.9945 169.6884 124.5469 306.3168 220.3786
2009_002177 0.9880 335.8496 97.4498 499.3954 270.2915
2009_002215 0.9572 9.8281 42.3132 357.8484 452.3842
2009_002302 0.9041 5.4062 0.0000 443.9837 373.7267
2009_002302 0.5648 10.4823 1.0074 287.5956 345.3831
2009_002333 0.8327 167.8635 65.0866 363.6839 333.0000
2009_002333 0.8262 0.2777 28.3137 277.4417 333.0000
2009_002346 0.5976 250.5999 124.6783 309.1646 267.7457
2009_002363 0.7778 75.4501 9.4235 484.9769 303.3192
2009_002370 0.9983 58.8267 21.0076 451.6641 317.6226
2009_002373 0.9920 0.0000 8.7502 500.0000 368.0851
2009_002373 0.7080 175.2032 9.1613 500.0000 326.2256
2009_002445 0.9994 166.5099 102.6203 300.3358 305.5332
2009_002464 0.9749 193.0220 46.2731 469.4032 278.2782
2009_002464 0.8352 100.8888 15.1476 476.4252 344.4453
2009_002464 0.7644 1.8122 150.9055 226.5295 374.8505
2009_002464 0.6302 0.0000 29.0530 310.4563 356.5803
2009_002476 0.9991 73.3510 42.6575 203.2227 288.0425
2009_002500 0.9120 74.7039 177.4224 246.1632 324.0168
2009_002500 0.8424 53.4066 37.1481 295.3302 312.8323
2009_002500 0.7875 76.0852 0.0000 364.9098 283.0091
2009_002539 0.9907 33.5256 121.1528 328.3572 252.6430
2009_002563 0.9621 192.5078 126.4124 291.8753 247.9533
2009_002573 0.9195 198.0760 89.8212 233.0875 114.7972
2009_002609 0.9959 151.2568 9.6075 500.0000 374.6042
2009_002681 0.9952 57.9380 10.1353 462.6475 304.1260
2009_002681 0.5442 77.0220 5.0209 321.7487 308.4558
2009_002687 0.9949 11.3944 53.7478 276.9724 324.3399
2009_002687 0.7401 67.3187 178.4688 297.0530 333.7756
2009_002807 0.9956 290.3201 25.6227 423.7885 84.4340
2009_002807 0.9916 339.3971 133.5254 495.3573 321.4496
2009_002865 0.9991 53.0415 30.2514 374.7607 498.0803
2009_002865 0.5591 18.6927 43.2741 260.5486 444.7664
2009_002925 0.9936 69.2829 80.4203 433.6149 327.1490
2009_003023 0.9982 167.1608 55.5402 362.9044 284.4169
2009_003063 0.9872 265.4812 207.7970 348.0183 271.6605
2009_003063 0.9766 13.4711 137.4557 215.5198 276.0453
2009_003098 0.8128 247.3275 92.5491 415.8923 219.4480
2009_003122 0.9992 372.6545 58.0499 467.7708 175.3869
2009_003122 0.9977 105.5186 12.0696 337.8314 271.0989
2009_003129 0.7051 111.4301 67.3767 394.5207 327.6618
2009_003130 0.9110 23.7614 39.1809 475.7709 311.9897
2009_003217 0.9856 90.0282 99.8191 452.9948 302.8234
2009_003262 0.8468 32.9743 17.9467 334.5808 251.2318
2009_003271 0.6729 85.0590 166.7808 143.8985 239.0362
2009_003301 0.8945 84.9966 41.6823 272.6522 278.9475
2009_003301 0.5117 265.6363 122.5131 451.6437 261.5798
2009_003375 0.9986 76.4130 154.3478 483.9655 373.1837
2009_003466 0.9690 147.6136 75.2927 476.5601 364.3661
2009_003467 0.9956 72.3730 42.9290 331.1154 467.5078
2009_003499 0.9965 230.0485 211.9767 433.8445 323.0244
2009_003538 0.9973 185.7663 13.6758 500.0000 318.8127
2009_003538 0.9918 9.3116 35.8179 500.0000 346.8711
2009_003538 0.6970 338.6053 61.2197 500.0000 296.5803
2009_003612 0.9006 58.9543 9.5714 490.0359 362.1688
2009_003627 0.9808 122.0406 58.7965 409.2262 344.3890
2009_003655 0.5148 50.0407 140.8140 326.1313 488.4832
2009_003714 0.9949 77.9025 15.3297 327.7805 228.4368
2009_003756 0.9779 13.4326 0.0000 297.0639 333.5838
2009_003810 0.8355 63.6655 89.2392 470.7458 350.3972
2009_003847 0.5746 81.4222 44.5286 491.3778 365.7612
2009_003874 0.5001 202.6892 239.6367 376.4318 426.1653
2009_003879 0.9994 194.9855 107.9951 441.2194 332.4820
2009_003902 0.7111 8.4611 15.1032 296.1786 282.6111
2009_003902 0.5594 83.0527 105.9577 296.5761 246.2306
2009_003928 0.9317 133.1385 219.1648 324.1647 417.9299
2009_003986 0.9941 49.9160 39.9126 349.1996 437.1025
2009_003986 0.7325 90.4545 44.2129 355.7554 282.8545
2009_004016 0.9764 79.7133 25.9707 441.5735 311.3871
2009_004016 0.5109 127.3519 118.4068 466.5093 321.7758
2009_004033 0.7467 144.2509 208.7714 209.0692 306.7115
2009_004033 0.5154 33.8472 208.0433 216.8255 330.8803
2009_004038 0.8169 88.7217 118.0195 326.3374 433.3773
2009_004076 0.9967 121.0994 30.3702 417.4260 280.0965
2009_004076 0.5713 174.8614 65.3231 477.0663 299.7022
2009_004076 0.5075 306.6366 213.0307 404.0802 324.4697
2009_004111 0.9913 28.3272 154.0465 333.0000 374.9135
2009_004111 0.5780 6.2491 151.0941 223.4599 371.2046
2009_004150 0.9878 22.7689 3.3287 318.3212 200.7229
2009_004150 0.7170 15.1898 3.6733 191.7898 184.3994
2009_004193 0.9790 12.8488 23.2312 384.5058 312.3271
2009_004193 0.7479 146.2158 10.2937 398.8603 312.2001
2009_004277 0.9928 15.4959 23.6231 371.0266 469.6481
2009_004361 0.9841 31.6605 41.2690 371.1504 469.5800
2009_004361 0.7498 0.0000 158.0073 73.3318 291.3320
2009_004390 0.9893 228.4297 127.2630 440.2345 243.4894
2009_004390 0.9695 30.0955 87.6244 304.1114 195.2119
2009_004390 0.5657 43.5303 80.1680 390.3220 222.9234
2009_004403 0.8774 189.9392 105.9190 272.8527 294.4663
2009_004403 0.7014 73.7958 138.8003 202.7247 230.0409
2009_004411 0.9908 55.7101 9.8252 500.0000 357.0107
2009_004483 0.9495 10.4219 13.3259 498.3255 369.1103
2009_004483 0.6196 132.1678 69.8230 482.8727 363.8567
2009_004507 0.9965 84.5157 15.2273 407.2415 321.0486
2009_004581 0.9932 95.6384 117.2225 353.3039 229.6763
2009_004592 0.9977 69.7040 230.6854 230.6487 371.9328
2009_004614 0.9423 0.2580 0.0000 307.2455 332.0000
2009_004634 0.9969 0.0000 41.7809 474.6557 308.9256
2009_004648 0.5991 38.8530 91.7474 375.0000 381.1492
2009_004716 0.9993 96.6632 134.2502 347.5042 296.6951
2009_004721 0.8160 38.9322 15.6429 432.1154 360.1772
2009_004744 0.7908 0.0000 0.0000 451.5064 321.0390
2009_004763 0.6829 224.1793 163.7817 292.9385 256.7139
2009_004782 0.6673 135.5064 217.1387 252.8083 288.8292
2009_004828 0.9993 142.6476 0.0000 374.7090 355.7162
2009_004828 0.9775 132.1500 0.0000 280.6940 256.4337
2009_004828 0.6421 200.0696 69.8360 377.9405 378.5396
2009_004889 0.9973 64.6271 14.0304 364.1385 330.8045
2009_004889 0.9891 7.6233 123.7329 343.2411 333.0000
2009_004889 0.8164 0.0000 191.6302 275.5498 333.0000
2009_004961 0.8047 276.3908 78.2143 359.4694 223.7602
2009_004994 0.9937 96.2614 139.5796 243.6599 326.9479
2009_005073 0.9965 129.3165 135.5160 247.2728 221.9967
2009_005073 0.9777 235.0072 136.8530 378.8380 238.5383
2009_005153 0.7688 70.6499 137.9250 382.5410 317.5604
2009_005185 0.9156 256.2947 219.2383 382.0415 270.1585
2010_000003 0.9877 178.0334 154.0115 337.5066 279.7200
2010_000033 0.9997 86.3004 19.3695 376.7034 314.6242
2010_000072 0.9997 104.4194 59.4192 433.2776 366.5472
2010_000074 0.9338 116.8006 130.0785 494.1108 334.5100
2010_000074 0.5733 200.8871 135.2441 474.3704 256.1789
2010_000090 0.9647 132.9413 47.0061 382.6379 339.6036
2010_000098 0.9928 37.5938 104.2056 415.2457 353.4388
2010_000110 0.9039 67.8540 62.2732 333.0000 327.2179
2010_000110 0.8130 79.3646 175.6656 287.3332 311.6194
2010_000127 0.9976 47.8166 19.9659 348.0270 387.2862
2010_000159 0.9838 159.4204 20.5378 487.8037 318.6472
2010_000159 0.9696 0.0000 0.0000 378.9065 325.7023
2010_000159 0.5467 277.9299 35.4591 494.5146 325.7025
2010_000162 0.9284 224.6083 55.4316 495.0590 421.0063
2010_000170 0.9935 19.3474 18.0985 363.8416 478.3918
2010_000172 0.5248 159.8743 105.5890 328.1378 231.9334
2010_000216 0.9867 60.9636 67.0706 257.6404 169.1867
2010_000216 0.7928 62.2463 71.3552 181.7682 171.4754
2010_000247 0.8299 62.0872 6.0370 409.8615 375.0000
2010_000286 0.9202 57.4292 47.9061 488.6142 307.2368
2010_000312 0.9697 26.2119 40.0172 493.7321 302.5632
2010_000351 0.9848 64.8476 192.3195 169.4067 307.3369
2010_000370 0.9870 38.7498 29.1669 390.4341 347.3701
2010_000384 0.9863 97.8084 23.6245 408.5019 317.3719
2010_000456 0.9990 124.6412 131.7523 344.6985 355.3428
2010_000475 0.9342 17.2272 8.5083 383.5890 293.4752
2010_000475 0.9142 242.7603 18.0536 485.5234 269.7459
2010_000515 0.8816 47.9193 138.5250 347.4484 471.7853
2010_000515 0.8761 52.9061 166.1593 251.0231 439.8708
2010_000574 0.9319 77.7085 91.3889 396.7526 332.0858
2010_000574 0.7723 167.1866 59.7279 437.2321 313.6325
2010_000608 0.9930 168.4716 2.2970 443.7481 413.0000
2010_000608 0.8871 32.4040 64.6012 428.3676 406.9178
2010_000635 0.9710 1.4848 6.9242 346.3944 311.9859
2010_000639 0.9659 118.7459 158.4601 214.5315 334.8283
2010_000655 0.9700 9.4817 14.7087 300.5850 281.0000
2010_000690 0.9788 87.1644 151.6627 197.7052 292.7214
2010_000690 0.9453 122.6537 171.6766 239.8926 289.2718
2010_000724 0.8346 63.1537 55.4751 266.0000 282.3007
2010_000731 0.7705 37.2627 42.2879 378.5819 309.2155
2010_000731 0.7157 19.2367 44.8593 238.0254 286.2426
2010_000735 0.6170 153.0226 198.0582 269.1005 340.0746
2010_000761 0.9804 173.3627 33.4324 262.9254 180.8124
2010_000761 0.9640 227.8896 223.0366 329.3805 325.9107
2010_000771 0.9963 53.7504 45.9360 370.7850 472.0482
2010_000771 0.7479 43.5370 49.1620 269.1907 335.6075
2010_000788 0.7748 127.9457 72.4330 393.8272 259.5544
2010_000805 0.9986 205.1315 64.9511 483.8341 375.0000
2010_000811 0.8849 56.8912 75.9464 369.0352 296.1630
2010_000846 0.9902 0.2784 23.7352 328.0556 477.3915
2010_000870 0.9961 248.8246 34.3520 464.1554 319.9063
2010_000883 0.9315 67.0861 270.0779 312.0456 458.8881
2010_000889 0.7043 79.1624 66.6473 250.8540 438.5650
2010_000904 0.9907 78.6832 0.0000 473.6428 399.1227
2010_000973 0.9992 54.7596 72.4503 165.1660 306.3837
2010_000973 0.9943 180.4468 201.2712 425.2120 347.4720
2010_000975 0.9857 19.1223 0.0000 338.6671 488.3528
2010_000975 0.9026 11.5959 6.9683 321.5804 317.5919
2010_000989 0.9199 65.5553 146.1326 345.2299 489.3465
2010_001000 0.6119 136.1737 36.3042 497.7781 334.0000
2010_001006 0.9916 199.9624 73.5349 300.5204 161.7512
2010_001009 0.9964 106.8390 3.9222 383.2587 354.2057
2010_001032 0.9657 131.4064 28.0528 477.0970 279.0031
2010_001032 0.8664 273.4696 67.5264 458.9395 230.4788
2010_001032 0.8436 314.7929 64.6917 460.8163 180.5839
2010_001124 0.9717 22.3247 6.6787 488.1375 338.3873
2010_001158 0.9336 135.2175 235.8318 188.1328 304.7573
2010_001158 0.7242 289.4827 138.4801 316.9784 167.8598
2010_001172 0.9655 132.7751 12.2404 416.0424 309.0199
2010_001172 0.6482 131.8842 20.6839 378.6079 161.5830
2010_001216 0.9982 179.5021 107.1512 361.0454 275.8905
2010_001218 0.9917 273.6369 176.2646 361.3267 245.7209
2010_001218 0.9905 32.1408 186.9064 170.2898 271.1111
2010_001229 0.8860 181.5431 166.4429 286.2921 346.6400
2010_001242 0.9994 168.4143 25.4380 423.5077 333.0000
2010_001264 0.9254 119.9961 0.0000 500.0000 360.4996
2010_001264 0.6356 120.0091 4.1594 343.4872 275.7617
2010_001293 0.9053 113.6628 87.5024 457.2478 314.8327
2010_001301 0.9910 89.0297 126.0378 216.5100 293.1217
2010_001301 0.9887 189.8623 73.9594 336.2516 300.0098
2010_001305 0.9855 141.2900 31.4867 411.3748 364.2818
2010_001305 0.5273 198.7533 43.6489 492.0594 355.3505
2010_001326 0.8676 173.1930 30.6077 483.3503 316.4056
2010_001355 0.9983 162.4839 295.8065 227.0798 364.0140
2010_001376 0.9988 6.3727 7.1425 209.3961 224.5811
2010_001376 0.9847 130.1260 47.7170 294.2034 234.0643
2010_001376 0.7064 56.9468 47.2440 272.4174 236.1439
2010_001407 0.9971 325.6574 32.1811 460.9922 206.2465
2010_001407 0.9939 175.1818 202.1393 375.2535 427.1913
2010_001407 0.9903 328.0407 29.5080 484.3415 147.9723
2010_001417 0.5847 84.3009 65.6910 326.4737 492.5240
2010_001421 0.9941 196.1664 51.2159 465.9134 387.8346
2010_001432 0.9983 26.3137 30.6777 302.9508 475.6623
2010_001432 0.9300 68.8965 189.1992 302.2247 478.9033
2010_001441 0.8231 39.8561 80.0233 277.0013 500.0000
2010_001461 0.9996 79.3152 0.0000 387.6492 324.3165
2010_001473 0.9882 56.1491 47.0967 500.0000 302.3854
2010_001473 0.7474 44.0567 7.6076 305.3455 236.8775
2010_001497 0.9955 144.6038 142.9574 396.7407 394.7473
2010_001497 0.5447 126.0632 206.3618 165.5714 244.7591
2010_001543 0.9610 40.6307 102.2990 272.7088 283.1118
2010_001563 0.9751 229.0661 314.1193 298.2502 375.3067
2010_001563 0.7615 184.8386 294.2509 241.2136 338.0965
2010_001571 0.9775 71.7603 23.2067 471.2456 328.9170
2010_001601 0.9894 180.8522 60.8808 350.2620 364.5433
2010_001633 0.9833 27.2745 2.6662 473.3222 363.1506
2010_001635 0.8683 197.1269 278.5050 283.9468 389.1217
2010_001659 0.9992 161.6640 97.9001 224.9137 244.8780
2010_001679 0.6426 52.1669 30.3232 493.4114 330.4324
2010_001705 0.9998 90.5305 33.5242 365.5300 345.1306
2010_001720 0.7710 156.4287 110.9446 286.3467 226.0188
2010_001754 0.9791 29.4139 174.4079 248.4295 293.1075
2010_001760 0.9791 22.7375 45.1963 381.2953 416.7160
2010_001768 0.9961 132.6360 161.2405 176.2365 203.2342
2010_001768 0.9891 26.1996 158.3896 103.3805 216.5135
2010_001838 0.9983 23.1867 15.5596 458.1446 446.3913
2010_001843 0.9808 198.7965 112.7134 329.0800 325.0605
2010_001843 0.7955 27.0163 145.2148 187.9151 285.8292
2010_001845 0.7487 198.8753 107.6891 330.8868 237.2259
2010_001869 0.9955 143.3742 29.1612 436.1428 260.8148
2010_001891 0.9975 190.7202 149.6568 287.1959 371.9464
2010_001891 0.5796 138.2122 122.8914 283.3127 367.9946
2010_001904 0.9962 146.3039 96.1298 313.4875 330.8729
2010_001908 0.9999 224.1244 63.3982 458.5573 356.8086
2010_001908 0.5287 288.7843 69.6617 459.6292 283.2466
2010_001929 0.9753 71.0214 36.0750 500.0000 372.8781
2010_001956 0.9956 8.5489 18.8355 332.9416 428.8673
2010_001987 0.5509 128.4558 202.6995 163.3801 227.5590
2010_002022 0.9829 99.3631 37.6829 341.5460 305.7846
2010_002029 0.9979 95.7843 14.2645 419.4218 390.3734
2010_002060 0.9891 84.7571 24.5744 336.8752 290.3801
2010_002067 0.7925 151.4682 212.7193 390.2958 286.6442
2010_002089 0.9957 155.3114 66.0213 321.8005 212.6463
2010_002089 0.9679 139.1709 344.9160 231.7237 477.0209
2010_002105 0.9804 48.6869 61.0231 305.1870 209.8980
2010_002113 0.5733 0.0000 40.5671 474.7758 329.1369
2010_002187 0.5898 93.7415 40.8106 203.1826 231.6005
2010_002228 0.9065 9.3717 78.1546 306.4628 486.7257
2010_002276 0.5392 216.3753 179.6130 325.6718 231.3099
2010_002287 0.9283 151.1787 57.2088 481.5249 324.7129
2010_002303 0.8356 42.3810 29.9473 283.1166 500.0000
2010_002305 0.6687 17.8471 168.6812 428.0322 317.0558
2010_002313 0.8738 64.8212 11.6457 322.1655 334.7391
2010_002332 0.8768 59.9016 0.0000 333.0000 347.9800
2010_002365 0.9687 273.1886 211.9855 418.5660 325.9450
2010_002398 0.9812 138.9946 44.3032 308.0212 304.2652
2010_002449 0.9917 1.5705 2.8237 214.8883 282.8831
2010_002449 0.7774 0.0000 0.0000 264.1425 378.2552
2010_002458 0.9984 0.0000 86.2512 299.8838 324.4917
2010_002458 0.9890 237.3683 8.0430 496.3839 291.9111
2010_002458 0.8231 44.7281 46.1433 436.9207 323.3502
2010_002468 0.9558 116.5801 64.5483 417.6714 314.8617
2010_002480 0.9805 54.7449 26.7414 375.0000 500.0000
2010_002482 0.6863 160.3669 434.7039 197.2471 460.0581
2010_002504 0.5723 19.8372 30.9544 397.4262 329.2219
2010_002534 0.9944 42.1851 106.8528 489.4960 371.3448
2010_002561 0.9158 4.4638 37.6862 237.4419 354.8173
2010_002580 0.9766 217.2898 106.8930 445.7153 302.4586
2010_002580 0.6126 60.3386 99.4292 435.8579 298.8437
2010_002586 0.9496 257.6028 169.5478 458.1778 296.7884
2010_002586 0.6885 57.8619 172.6518 220.4897 271.6409
2010_002601 0.9407 140.3104 77.1289 500.0000 373.1749
2010_002631 0.9990 20.7847 0.0000 320.5803 500.0000
2010_002631 0.5514 29.5853 3.3787 293.8307 330.0895
2010_002654 0.9880 4.8693 25.9087 406.9216 349.3113
2010_002676 0.9932 125.4529 160.2782 238.9491 217.7456
2010_002679 0.9619 0.0000 75.7042 182.8228 491.5187
2010_002741 0.9319 14.9635 63.5660 462.1502 318.3212
2010_002741 0.5706 292.3862 166.3736 472.9070 342.7926
2010_002763 0.7346 16.4906 218.3504 253.0663 456.3775
2010_002775 0.9627 0.0000 75.1300 275.2292 375.0000
2010_002793 0.9582 31.9453 51.6501 378.7272 284.5214
2010_002793 0.9057 178.3891 70.3838 367.3530 277.0320
2010_002808 0.8869 92.3906 7.7097 392.3146 329.7126
2010_002817 0.9762 299.2127 19.0172 500.0000 162.8707
2010_002817 0.8884 120.5611 147.7076 428.4929 288.6884
2010_002824 0.9829 7.6188 8.0040 427.0000 500.0000
2010_002887 0.9946 96.7794 4.0657 416.1711 375.0000
2010_002924 0.9956 177.8329 8.7026 438.2049 325.0552
2010_002924 0.9931 46.0770 0.7400 429.1239 351.5019
2010_002960 0.9587 26.6559 0.0000 250.4144 485.8425
2010_002972 0.9225 214.9515 5.2720 496.6594 321.0262
2010_002980 0.9954 109.2967 236.3549 191.8431 367.5071
2010_002995 0.8874 126.3025 41.7795 431.2332 295.8374
2010_003019 0.9921 29.1681 28.2366 500.0000 380.0000
2010_003019 0.5097 11.8733 40.0192 311.6467 365.0384
2010_003043 0.9972 11.1256 63.1468 271.8995 325.8367
2010_003060 0.9885 79.2272 1.1557 330.6068 333.0000
2010_003060 0.5583 136.4181 85.2787 465.8750 329.9688
2010_003071 0.6750 70.4661 52.1638 302.8732 313.6642
2010_003098 0.9487 9.4826 4.1974 500.0000 302.3572
2010_003146 0.9757 35.3881 48.6918 204.2700 242.9955
2010_003146 0.9740 134.9879 116.7689 264.9149 247.7192
2010_003146 0.6679 38.9866 39.2340 178.3536 139.4338
2010_003146 0.6519 172.1893 116.9751 292.5534 263.4982
2010_003147 0.5910 46.4573 77.9568 444.4922 269.9948
2010_003176 0.9984 2.6070 0.0000 329.7415 333.0000
2010_003176 0.9741 147.8533 5.7176 328.5480 320.4850
2010_003187 0.9943 56.2216 0.7646 469.6995 229.0464
2010_003214 0.9989 205.6981 59.6100 321.2886 259.4396
2010_003233 0.7980 107.0481 30.8379 473.0554 285.7186
2010_003244 0.9861 94.3284 74.6184 402.7616 264.0443
2010_003244 0.9578 227.2513 56.3565 416.5194 243.3854
2010_003244 0.9111 287.5974 66.7837 415.1125 232.5092
2010_003257 0.9723 216.5981 186.4081 290.5157 307.3267
2010_003275 0.6975 88.4820 67.4614 356.7765 450.7495
2010_003285 0.9852 22.4120 20.6927 253.4112 486.3344
2010_003285 0.8577 50.4084 34.9390 267.5499 341.3953
2010_003321 0.9917 119.8701 114.0844 244.9282 279.1735
2010_003331 0.9687 105.5252 114.8952 329.9259 304.9028
2010_003341 0.6156 3.2531 6.7154 493.1656 333.0325
2010_003366 0.9984 115.2768 37.7022 318.3754 247.0270
2010_003375 0.9939 153.8216 297.0134 296.7768 434.7737
2010_003397 0.9830 15.2070 24.4663 472.7840 358.2933
2010_003397 0.8611 194.7056 6.6105 476.8474 345.2032
2010_003402 0.5100 0.0000 42.7604 475.1654 360.8310
2010_003411 0.9967 89.1682 57.2455 276.7205 332.4555
2010_003465 0.9931 159.7836 153.0062 334.4760 283.8580
2010_003467 0.8832 0.0000 7.1261 324.9119 413.4506
2010_003479 0.9957 0.0000 0.0000 262.7523 500.0000
2010_003479 0.9252 155.5281 218.8845 339.0000 492.2969
2010_003479 0.8923 1.5203 196.7918 327.4696 496.6247
2010_003479 0.5655 0.0000 3.4307 260.9118 285.1066
2010_003493 0.7088 59.2326 0.0000 483.9260 369.9708
2010_003506 0.9962 125.6192 125.2689 443.6704 378.8134
2010_003506 0.9138 118.1461 171.8221 359.8055 383.1359
2010_003506 0.5649 184.4933 121.2608 462.4069 321.0359
2010_003522 0.9992 138.7724 106.4716 450.1157 375.0000
2010_003568 0.9573 49.2274 191.8611 400.8137 472.2983
2010_003579 0.7357 1.1367 300.7907 149.8606 493.5464
2010_003588 0.9924 107.2969 26.4102 314.9504 189.2615
2010_003653 0.9720 8.0180 100.5146 307.1006 444.2046
2010_003673 0.9930 127.9303 211.2266 375.0000 489.7192
2010_003709 0.9977 104.9998 34.4119 437.1736 324.3770
2010_003735 0.9978 93.7963 44.0338 495.0898 355.4047
2010_003742 0.9996 154.6561 136.1739 233.0996 300.8747
2010_003746 0.9980 18.4361 55.6562 373.8627 500.0000
2010_003826 0.9818 31.0386 36.4251 405.8379 375.0000
2010_003852 0.9989 62.6752 73.7555 206.2360 344.4609
2010_003852 0.9959 248.6186 43.4253 430.2827 320.8383
2010_003859 0.9982 210.3028 197.1557 305.5592 240.0136
2010_003879 0.9976 49.3664 18.1605 429.3501 327.8989
2010_003919 0.7335 146.5915 150.1166 313.3273 255.6691
2010_003920 0.9993 5.0856 0.0000 404.5401 488.0000
2010_003961 0.6085 271.6344 32.2811 500.0000 361.2361
2010_003980 0.9945 106.8070 11.3952 399.0797 351.8782
2010_003980 0.5567 109.3250 0.0000 282.3583 197.8257
2010_003999 0.9662 271.7880 197.2551 442.7471 339.4305
2010_004021 0.8963 211.8711 146.8975 344.2420 262.8498
2010_004036 0.9826 41.9530 40.7636 328.5027 393.7020
2010_004056 0.6113 100.4137 132.0041 312.6016 471.6518
2010_004064 0.9984 181.1491 162.3159 321.4233 288.4413
2010_004105 0.6341 122.2053 68.3743 360.7140 363.8512
2010_004120 0.6015 22.4137 93.4989 500.0000 308.1942
2010_004129 0.9671 127.4284 76.3110 448.6789 362.6693
2010_004161 0.6629 50.6491 196.8362 202.0692 424.3861
2010_004165 0.9394 167.3533 122.7953 272.6265 213.4925
2010_004165 0.7525 160.6417 129.7603 313.3360 296.0509
2010_004165 0.6674 122.2861 110.6087 321.9961 333.0000
2010_004179 0.8140 156.2996 88.9413 429.7117 297.9389
2010_004211 0.9991 85.4028 95.6113 317.6944 288.7857
2010_004224 0.9964 239.7833 76.9736 389.6235 281.5649
2010_004227 0.9887 44.1019 45.4655 334.0000 431.7210
2010_004279 0.9952 57.6921 53.5584 326.8244 314.7888
2010_004297 0.8960 69.8282 11.3353 223.1221 242.4579
2010_004304 0.9897 4.0925 0.0000 489.2476 374.2302
2010_004304 0.5852 189.6919 14.3516 497.9492 374.0475
2010_004322 0.6775 76.8130 29.8621 490.3008 375.0000
2010_004339 0.9890 24.0269 74.7952 332.1089 179.1231
2010_004345 0.9940 262.4942 160.7083 358.3712 247.6752
2010_004362 0.9998 135.8269 54.9156 399.0609 344.8116
2010_004387 0.9161 25.8696 224.2744 186.1085 394.3812
2010_004417 0.8567 9.5339 197.4194 330.3033 487.0108
2010_004461 0.9641 201.3536 1.6218 497.0074 358.0480
2010_004505 0.9184 48.1113 53.0937 375.0000 476.7727
2010_004550 0.9971 3.0643 65.1175 347.1425 459.9618
2010_004628 0.9444 123.3147 253.1658 240.6597 382.0610
2010_004628 0.6961 230.9880 261.7575 279.1136 339.5963
2010_004642 0.9955 131.2654 30.0413 414.5461 283.3726
2010_004672 0.9077 233.0558 159.5309 352.1718 231.3703
2010_004679 0.9975 16.6915 6.5562 376.9129 276.5987
2010_004679 0.9749 15.9922 6.7361 227.4548 271.3326
2010_004681 0.9863 231.3109 143.5855 464.2162 342.7578
2010_004681 0.5313 10.6606 94.8253 366.7435 362.3374
2010_004691 0.5331 0.0000 128.8307 422.5873 375.0000
2010_004722 0.9687 176.7838 78.0914 495.1485 322.7607
2010_004733 0.9994 157.7153 49.6978 375.0000 394.6088
2010_004750 0.8597 54.1660 25.8199 471.3375 307.0598
2010_004750 0.7506 34.6755 57.1843 338.2839 312.9425
2010_004756 0.8958 63.3975 32.8817 290.1463 454.5677
2010_004792 0.8140 2.8556 0.0000 500.0000 355.7069
2010_004795 0.9995 192.4436 131.6584 327.2831 241.3630
2010_004804 0.9111 105.5727 78.5990 498.8950 364.7167
2010_004830 0.9992 22.6783 110.8224 146.5237 277.5194
2010_004830 0.9976 175.6784 103.8563 275.8982 229.6402
2010_004849 0.9908 201.6085 104.9334 491.6089 360.0786
2010_004849 0.5053 65.3005 83.2077 475.4108 357.8831
2010_004901 0.9957 86.6924 162.8221 155.1136 204.8072
2010_004901 0.9419 287.5885 232.1317 334.9347 272.0203
2010_004901 0.7635 335.2062 216.1495 386.8845 255.1927
2010_004908 0.9749 168.3867 174.3936 335.9263 370.2682
2010_004919 0.9970 165.8072 51.1968 336.3246 312.9865
2010_004931 0.9637 329.5590 106.6260 496.9811 262.9702
2010_004931 0.7142 64.5450 91.9388 459.3626 331.2789
2010_004957 0.9996 46.9911 48.6580 362.5940 500.0000
2010_004967 0.9726 140.3274 12.3670 413.5688 238.3793
2010_004967 0.7015 62.8918 21.8025 432.8635 303.2404
2010_004989 0.9097 133.6511 53.6716 402.4781 245.8547
2010_005006 0.6299 0.0000 4.8759 500.0000 375.0000
2010_005008 0.9528 275.4398 106.5625 357.3846 201.4546
2010_005035 0.5474 63.0400 92.1210 365.2186 314.7978
2010_005042 0.9515 29.9975 10.2320 489.5673 304.5317
2010_005042 0.6451 0.0000 0.0000 341.4955 330.6029
2010_005042 0.5377 14.2951 117.7179 464.3333 332.6495
2010_005048 0.9338 189.3000 216.6445 328.6066 375.0000
2010_005049 0.9824 248.3766 92.6324 399.9231 364.8343
2010_005083 0.9997 7.4941 29.3458 420.6166 479.7788
2010_005083 0.6565 97.9249 29.3617 432.9255 296.0732
2010_005083 0.6063 179.3596 4.2908 429.3894 486.7660
2010_005109 0.7645 8.6316 14.7050 202.0000 415.8793
2010_005115 0.6177 16.5810 77.8694 491.8664 265.2252
2010_005138 0.9998 283.9750 174.2402 412.9045 314.0481
2010_005159 0.9988 27.7787 4.3897 424.0000 495.3716
2010_005159 0.6601 112.8798 126.9377 424.0000 493.2720
2010_005166 0.9276 197.8343 132.7932 352.4847 243.7647
2010_005169 0.9991 181.3550 95.0964 294.5681 374.3369
2010_005206 0.9938 18.7459 103.2337 338.9164 375.0000
2010_005215 0.9996 7.6347 3.3715 439.4828 372.4580
2010_005215 0.7031 263.9516 64.8569 432.3867 298.5117
2010_005242 0.8797 91.4218 120.1112 462.9153 331.7938
2010_005245 0.9854 149.0860 233.5186 198.8635 344.1479
2010_005246 0.9581 38.4652 29.7169 443.4684 359.1893
2010_005292 0.9733 99.0228 6.2401 461.2895 308.4609
2010_005330 0.9787 61.6668 103.8652 362.2103 256.3336
2010_005331 0.7480 116.8517 33.2899 345.7538 242.5479
2010_005375 0.9930 8.5682 0.0000 474.0933 375.0000
2010_005375 0.5935 3.3375 182.6562 432.0934 372.7042
2010_005394 0.8152 74.8287 35.1735 418.2467 343.9395
2010_005406 0.9864 15.6513 7.2266 332.9268 374.0105
2010_005406 0.9537 0.0000 49.8938 218.4544 479.9531
2010_005406 0.8485 16.5830 72.1108 317.1552 496.2615
2010_005428 0.7344 45.3679 50.8891 258.9661 255.3580
2010_005448 0.9920 226.7036 144.4542 281.6540 231.5634
2010_005491 0.9910 205.5247 101.2177 316.2795 335.1239
2010_005532 0.9869 14.6393 62.2871 233.3698 239.2296
2010_005543 0.6376 117.2033 413.7484 166.7646 480.5454
2010_005548 0.7523 6.7740 27.7147 353.3398 469.7736
2010_005575 0.9894 7.3121 105.9851 299.4285 237.2574
2010_005575 0.6998 1.4688 114.0250 145.9521 196.4688
2010_005592 0.7611 429.0034 89.6866 500.0000 318.0934
2010_005594 0.8823 111.4425 126.5589 352.5867 367.9384
2010_005612 0.7389 34.3463 0.0000 473.9992 339.2344
2010_005625 1.0000 30.6231 53.7389 150.4384 269.5114
2010_005625 0.5346 51.7412 61.8031 143.5125 206.8617
2010_005637 0.9904 42.4423 377.1165 191.2908 498.1771
2010_005637 0.9636 104.4221 108.6310 203.7199 209.6889
2010_005637 0.5048 261.4770 64.9876 316.7853 131.4241
2010_005644 0.9945 28.6934 24.0294 376.2230 326.4965
2010_005644 0.8260 106.9779 13.6862 473.5752 310.7194
2010_005657 0.9333 134.5575 173.5874 388.9693 368.2585
2010_005658 0.9948 314.7301 149.5696 459.9973 366.1113
2010_005671 0.9917 0.0000 0.0000 333.0000 429.5673
2010_005681 0.8843 308.8207 214.9299 419.8232 295.2059
2010_005681 0.8739 246.9516 181.9423 408.7682 293.3722
2010_005681 0.6092 286.5101 218.5118 403.6151 282.9808
2010_005705 0.6836 357.4448 367.3771 386.3328 396.0607
2010_005738 0.9913 43.2699 1.5830 461.7659 305.9759
2010_005738 0.8820 193.0291 2.1958 483.1885 243.0965
2010_005738 0.6678 13.0715 6.8851 271.7217 309.6389
2010_005747 0.9765 68.8505 82.2363 309.8987 493.1274
2010_005777 0.7800 46.3896 0.0000 429.4132 471.4424
2010_005815 0.8955 8.0074 8.1268 322.8299 275.9865
2010_005870 0.9973 119.1813 1.6666 456.1095 319.6093
2010_005882 0.8290 51.4373 150.8956 135.8998 277.7273
2010_005882 0.7867 368.0666 162.4119 460.1811 241.5910
2010_005885 0.9944 210.1817 99.4607 395.3296 375.0000
2010_005897 0.9983 218.2576 205.6601 273.0595 299.1407
2010_005903 0.8256 0.0000 256.7955 277.9330 329.8631
2010_005903 0.6679 26.0939 249.1803 127.1873 305.1241
2010_005914 0.9126 172.8398 22.8986 359.6414 263.8625
2010_005937 0.9735 4.8415 70.0239 429.8233 273.3647
2010_005943 0.9977 169.6827 79.0009 387.5685 361.3745
2010_005981 0.9979 0.0000 19.0573 324.7330 361.2903
2010_005981 0.9497 176.6257 82.1874 375.0670 229.4779
2010_005991 0.8349 46.8898 123.5198 356.0480 406.9714
2010_005992 0.9544 14.7624 44.1883 397.9653 310.5180
2010_006035 0.8218 0.0000 0.0000 470.0000 342.6566
2010_006057 0.9858 55.2847 6.7287 480.5724 311.7101
2010_006062 0.9995 336.1722 202.6631 451.8582 294.8776
2010_006062 0.9857 58.7970 190.6415 146.6754 288.0273
2010_006062 0.9447 224.1309 200.9197 335.7953 300.8124
2010_006076 0.9986 10.7873 89.5223 351.0863 500.0000
2010_006086 0.9935 309.1384 182.6894 497.6821 370.0945
2010_006086 0.9291 326.9941 264.5482 494.2903 374.0131
2010_006086 0.6742 35.4086 92.5116 428.0676 279.3827
2011_000045 0.9805 103.1808 58.7497 356.6341 311.3290
2011_000057 0.8327 62.1242 45.0163 284.1301 342.8844
2011_000083 0.9867 36.1788 34.1416 336.0589 463.6174
2011_000083 0.7570 56.4967 36.7996 348.3708 295.9567
2011_000161 0.6653 161.0838 253.0900 222.4172 411.9883
2011_000162 0.5428 182.0077 192.2520 294.3260 298.4126
2011_000194 0.5937 168.6429 98.9526 422.8298 351.3313
2011_000202 0.9983 27.9767 14.1600 314.4189 482.3609
2011_000532 0.9982 208.4626 141.4847 424.7373 270.2699
2011_000536 0.9989 122.9081 55.4227 374.0909 350.1769
2011_000709 0.9996 0.0000 9.5852 298.0855 352.8523
2011_000772 0.9696 134.2253 26.0476 397.1411 371.7135
2011_000789 0.5327 0.0000 12.3310 325.3210 475.4203
2011_000930 0.7255 97.3358 0.0000 500.0000 331.5700
2011_000961 0.9989 3.1965 82.2584 290.5788 300.0000
2011_001014 0.8057 190.6580 118.3582 438.3149 282.7095
2011_001020 0.8499 287.2596 213.5300 338.6318 245.9560
2011_001054 0.9692 162.5330 4.4603 468.9969 364.9678
2011_001276 0.7204 91.8214 211.6081 200.3301 275.9272
2011_001284 0.9959 144.6009 18.9040 499.1373 329.4648
2011_001288 0.8487 139.6529 64.2122 240.8551 194.4749
2011_001389 0.5924 102.4852 78.1274 426.2354 348.1018
2011_001534 0.5204 74.5759 46.1946 417.5330 323.7043
2011_001601 0.6409 0.0000 159.6700 466.9844 303.2756
2011_001608 0.8635 367.8011 185.5959 498.5546 356.7504
2011_001642 0.9955 109.0176 6.4004 405.1777 348.9968
2011_001642 0.6409 56.2601 7.6804 413.4447 238.5637
2011_001714 0.9036 157.0558 82.6713 362.7384 314.1703
2011_001714 0.8228 84.2512 118.3060 355.1312 454.5193
2011_001745 0.9853 54.2146 46.8861 467.3791 295.9655
2011_001745 0.9461 189.5335 35.2513 500.0000 301.5323
2011_001854 0.6639 0.0000 0.0000 292.9236 331.0000
2011_001868 0.8343 150.2477 3.8119 498.1948 326.4717
2011_001877 0.9998 172.6912 178.5185 286.2169 290.1490
2011_001877 0.9993 105.8556 128.2388 169.8584 304.6213
2011_001942 0.8236 94.4887 44.3610 432.3837 306.1349
2011_001984 0.9995 173.9507 21.1004 411.7052 375.0000
2011_002040 0.9995 29.5161 35.4350 472.8623 489.0000
2011_002044 0.7066 0.0000 3.5692 453.3139 354.2795
2011_002098 0.8752 74.9229 122.3023 394.1637 368.9320
2011_002110 0.9350 79.5840 79.3832 347.1998 272.8438
2011_002128 0.9201 240.5507 147.8811 274.3723 227.4678
2011_002137 0.9982 78.6730 66.1595 386.8978 371.7033
2011_002156 0.9946 156.3456 120.2098 464.7662 358.3312
2011_002279 0.9772 0.0000 2.0806 495.6155 341.7091
2011_002298 0.5431 135.1814 86.4947 402.9356 340.7099
2011_002362 0.9134 77.7423 93.9228 449.2030 294.3078
2011_002362 0.7071 246.8736 117.9067 438.7477 305.0728
2011_002371 0.9978 59.1923 77.4094 270.6909 386.6725
2011_002414 0.9873 14.7678 143.7130 240.3342 341.9890
2011_002414 0.7253 36.3926 142.9339 352.9041 345.9171
2011_002491 0.9955 13.1896 138.9869 342.4808 325.3643
2011_002578 0.5777 378.5246 198.4341 414.3136 258.0683
2011_002589 0.9987 13.1044 16.6610 464.8445 403.6040
2011_002612 0.9408 119.8953 204.5409 247.9467 360.2295
2011_002766 0.9827 222.2887 107.8661 333.4880 207.5822
2011_002833 0.9985 54.1996 33.7123 419.8454 333.0000
2011_002900 0.9988 94.8172 120.6873 291.9714 500.0000
2011_002916 0.7073 5.5764 26.7088 461.0294 351.4575
2011_002951 0.5500 63.9490 12.3439 222.4422 166.9515
2011_003098 0.9981 15.6288 0.9607 408.8279 403.2852
2011_003098 0.5999 90.0259 0.0000 416.7226 298.1742
2011_003207 0.9952 151.6379 113.9738 478.1759 333.0000
2011_003207 0.9417 0.0000 43.4515 279.0037 274.7014
2011_003207 0.8974 7.0267 49.6345 394.1895 311.4991
2011_003211 0.7393 158.4641 35.8117 495.9291 367.4529
2011_003256 0.9977 238.4969 129.9427 398.9249 214.8019
2011_003256 0.9926 0.0815 127.6049 277.8566 267.4628
