2008_000076 0.9899 85.8155 50.3894 475.5280 296.8213
2008_000076 0.5770 42.2761 32.4543 330.7261 306.0862
2008_000119 0.9983 14.1833 14.9296 256.8980 316.6423
2008_000119 0.9223 65.3259 0.0000 263.6047 460.0858
2008_000119 0.6961 132.3469 141.5003 264.0000 499.0000
2008_000177 0.9878 6.9973 26.8267 401.4511 500.0000
2008_000219 0.9997 87.7582 147.7707 226.1755 244.6569
2008_000219 0.7676 383.1720 154.9964 465.4671 216.2973
2008_000403 0.9915 181.4535 215.5855 233.0587 300.9591
2008_000602 0.9984 17.4661 63.5794 289.3164 445.2342
2008_000620 0.6655 204.1675 198.9729 337.0209 335.3136
2008_000765 0.8086 93.9048 148.7736 285.7020 344.8398
2008_000783 0.9960 246.4939 89.0126 349.7805 292.1519
2008_000837 0.9537 7.0806 215.8242 262.0874 484.5353
2008_000837 0.6808 128.6437 156.2846 304.1958 482.1315
2008_000876 0.7881 111.8306 25.2743 411.7725 352.7738
2008_000876 0.5235 6.6209 12.4474 360.1162 368.4514
2008_000880 0.9829 131.5663 126.0608 337.9133 320.6829
2008_000880 0.9734 348.4431 118.7326 413.7849 212.1255
2008_000880 0.6509 400.0101 130.1146 499.2913 248.6362
2008_001068 0.9830 21.4896 63.5089 294.3801 235.2763
2008_001068 0.5352 433.0463 111.0020 497.6048 222.9525
2008_001218 0.9615 0.0000 19.3122 373.6847 453.9955
2008_001544 0.9937 0.6286 0.0000 130.3494 167.2335
2008_001544 0.9335 193.9614 59.5860 500.0000 158.5511
2008_001544 0.9319 1.4583 47.2785 406.6124 357.0151
2008_001544 0.7648 5.5506 3.1177 164.5142 261.6972
2008_001544 0.7050 12.6275 11.5061 279.2932 267.1879
2008_001544 0.6807 25.9084 75.4009 486.0068 283.9084
2008_001544 0.5391 192.2621 56.1646 492.3020 319.8787
2008_001682 0.9998 145.9379 125.6621 314.6654 300.6667
2008_001934 0.7960 25.9987 25.5229 156.8757 207.8646
2008_001992 0.9964 0.0000 0.0000 106.3653 326.1220
2008_001992 0.9918 21.2893 4.9858 304.6132 319.4102
2008_002172 0.9787 87.8389 55.9601 215.4182 291.3239
2008_002172 0.9000 85.5180 111.1747 259.2001 292.4963
2008_002172 0.8011 158.6296 126.5098 278.7588 277.5715
2008_002509 0.9903 132.0162 65.6475 316.8386 300.0000
2008_002589 0.9995 34.4196 123.4559 229.7902 271.6452
2008_002589 0.9933 197.9472 133.1624 440.2481 271.7397
2008_002732 0.6319 236.2660 98.5267 291.2343 134.6734
2008_002732 0.5132 145.2153 101.9680 174.7829 127.5145
2008_002806 0.9915 83.1125 81.7542 309.0468 292.4385
2008_002835 0.9946 133.5146 79.8197 345.5149 391.3975
2008_002860 0.9618 371.7655 121.9033 419.5187 292.8258
2008_002860 0.9554 211.6467 118.9723 314.3386 206.8139
2008_002860 0.9279 32.7006 132.5508 173.0806 312.0499
2008_002860 0.7542 390.0814 34.4052 493.7119 305.7447
2008_002860 0.5868 134.6104 60.7595 150.1065 73.6022
2008_003020 0.9346 183.2926 213.8946 323.1834 373.6421
2008_003055 0.9990 61.7782 68.0746 274.7516 360.7816
2008_003055 0.9884 277.9497 41.8201 399.7786 291.7049
2008_003316 0.9866 27.7452 147.3456 336.6124 493.5348
2008_003316 0.9647 0.0000 44.8332 134.4605 500.0000
2008_003316 0.7387 23.1964 56.6680 184.0005 491.9879
2008_003326 0.9905 19.5337 0.0000 301.8915 461.3142
2008_003344 0.9987 212.2782 85.0767 428.3377 359.9799
2008_003379 0.9992 82.7283 77.2987 342.3831 301.3375
2008_003461 0.9971 22.7624 146.8728 333.9175 336.0000
2008_003461 0.9925 315.4718 120.4771 443.9155 319.7732
2008_003718 0.5430 151.6629 72.1612 316.0977 373.5920
2008_003782 0.9989 82.2413 139.5251 382.9835 355.0063
2008_003800 0.9930 65.4383 122.6388 241.5026 320.9909
2008_003801 0.5503 176.4304 71.5480 485.2750 363.7411
2008_003805 0.9988 75.9137 112.0666 470.6903 381.9862
2008_003805 0.6056 138.7834 191.2264 480.6461 389.0000
2008_004125 0.9947 192.9784 207.3273 303.3844 294.5479
2008_004166 0.9984 78.3718 57.8976 346.2217 231.3028
2008_004166 0.9330 46.1615 95.9516 188.5114 232.7502
2008_004174 0.8407 72.9786 69.1983 475.0312 375.0000
2008_004175 0.9991 115.1792 37.0251 271.7561 96.8697
2008_004354 0.9993 94.6890 111.9272 431.9677 383.9906
2008_004396 0.9991 45.4103 40.8278 292.7849 485.4908
2008_004470 0.9961 146.9058 164.0362 297.8433 349.6233
2008_004470 0.5144 147.6956 139.7648 376.8873 345.3256
2008_004476 0.9974 98.6510 144.0259 267.7042 422.3261
2008_004533 0.9911 105.7670 123.8298 226.3544 456.2331
2008_004546 0.9802 187.4045 118.8684 240.5362 219.0176
2008_004546 0.9709 0.1196 143.4712 38.1015 256.0549
2008_004546 0.9553 122.6971 208.6935 163.7889 315.5135
2008_004546 0.9321 261.7874 164.1310 304.2449 261.7509
2008_004546 0.6661 107.1677 407.0401 155.2037 500.0000
2008_004624 0.9497 142.5009 112.5775 408.7663 278.7529
2008_004696 0.9980 2.3607 3.1302 257.2307 485.2909
2008_004696 0.9641 13.7736 8.2473 262.2413 302.8854
2008_004696 0.6156 16.6746 129.4896 239.1777 460.2180
2008_004705 0.9989 74.6711 85.1438 324.0422 459.4013
2008_005010 0.5718 36.2716 52.6356 361.2763 371.0065
2008_005166 0.9984 249.4393 67.0720 476.7858 248.4905
2008_005166 0.9916 36.8138 60.6216 221.6921 257.9912
2008_005175 0.8736 358.5576 216.0775 436.0685 282.9757
2008_005197 0.9855 0.0000 152.5470 103.3566 306.5212
2008_005215 0.9997 25.3057 27.5131 306.2088 341.4839
2008_005304 0.9991 68.6918 46.1379 397.2097 288.9660
2008_005304 0.9891 247.4878 96.6023 447.6501 289.0471
2008_005313 0.9992 58.3186 19.3093 198.1159 131.2776
2008_005313 0.9898 314.9328 37.4100 491.7217 162.5111
2008_005319 0.9004 138.6650 183.1297 186.1735 210.3952
2008_005327 0.9956 0.0000 56.9271 425.5652 375.0000
2008_005369 0.9984 6.6033 0.0000 287.0838 370.2827
2008_005369 0.9589 254.3302 195.2152 420.8618 372.7960
2008_005431 0.8998 319.8590 139.8937 370.7864 226.6655
2008_005485 0.9998 12.8764 50.5778 478.3574 411.7411
2008_005498 0.9988 72.2650 130.4199 295.8405 375.0000
2008_005501 0.9840 131.2544 63.4221 436.8401 307.0275
2008_005525 0.9956 187.6192 44.6689 334.4228 360.7755
2008_005582 0.9953 347.7487 174.5978 454.6613 375.0000
2008_005582 0.9542 120.8762 191.7447 202.3316 375.0000
2008_005642 0.9982 282.7278 60.4050 442.3638 368.1783
2008_005691 0.9793 124.4266 4.8907 479.1296 289.7942
2008_005702 0.9953 315.1973 109.5783 427.8684 277.3576
2008_005702 0.9743 251.8764 132.1926 304.5301 212.0881
2008_005702 0.5536 309.1500 123.5302 358.4321 235.2135
2008_005726 0.9984 94.3974 103.8941 458.9604 339.8642
2008_005792 0.8453 79.9339 128.4979 433.0000 287.8570
2008_005792 0.5403 74.5615 100.0029 283.0379 250.7495
2008_005928 0.9050 146.7106 0.0000 482.2751 335.0000
2008_005928 0.8933 109.3687 5.4324 368.9884 309.1589
2008_005934 0.9948 234.3843 27.4894 500.0000 319.1865
2008_005934 0.6556 213.0327 26.2270 454.7562 189.7872
2008_006028 0.9882 151.8997 7.6454 482.6462 315.2062
2008_006028 0.9881 103.9261 14.4863 337.4200 336.3360
2008_006028 0.8663 47.7217 0.0000 427.4055 292.8482
2008_006028 0.6520 267.4740 0.0000 496.4216 285.2813
2008_006036 0.8229 114.6350 295.2641 258.4203 373.2497
2008_006087 0.9994 37.1663 171.3068 267.1866 354.8193
2008_006087 0.9684 335.6235 188.3029 396.6405 294.2532
2008_006219 0.9986 83.1858 125.4907 228.7948 289.4160
2008_006219 0.7745 223.8206 130.5534 326.0139 320.7493
2008_006397 0.9954 40.8200 174.1748 383.7572 436.8329
2008_006429 0.9952 182.4830 35.8263 400.3812 331.9051
2008_006429 0.9798 44.8228 49.6836 268.3321 328.2852
2008_006429 0.7729 67.8132 58.1511 386.6282 331.5830
2008_006502 0.5184 105.7935 68.2498 238.0233 360.4712
2008_006646 0.9990 22.7651 107.8669 462.8043 445.3049
2008_006646 0.9582 26.4552 69.6101 313.6343 437.1405
2008_006646 0.7987 35.3080 89.3696 233.8650 404.7899
2008_006646 0.7150 183.8858 159.1113 478.3512 410.8451
2008_006758 0.9981 103.4548 90.6389 385.8036 307.7359
2008_006779 0.9873 73.9109 106.0119 392.7207 334.0000
2008_006779 0.9102 26.6721 135.8243 119.3236 332.3755
2008_006779 0.7644 195.8439 117.0617 377.6444 332.1857
2008_006779 0.6064 22.3265 92.9300 231.9559 334.0000
2008_006797 0.9956 115.3772 128.1199 352.5375 283.0955
2008_006797 0.5178 467.0258 131.4332 486.3145 168.3931
2008_006912 0.9992 81.4444 89.9190 500.0000 362.1596
2008_006912 0.7241 96.1517 101.8140 328.0329 349.3877
2008_006991 0.9916 72.5955 7.9738 332.0000 464.4718
2008_006991 0.8780 77.8413 42.3430 332.0000 312.8351
2008_007277 0.9931 138.7114 129.9135 275.0100 218.6122
2008_007319 0.9482 130.4684 83.3661 500.0000 360.9474
2008_007319 0.6222 80.2952 61.7456 393.8451 363.5322
2008_007392 0.9980 148.7333 190.5712 349.2456 365.1422
2008_007514 0.9569 68.5216 144.1111 152.3153 385.1890
2008_007531 0.8838 157.8272 252.1246 215.4397 290.2693
2008_007531 0.5091 234.1120 254.7633 293.5557 285.9589
2008_007612 0.7296 147.1838 216.2250 328.0590 427.3003
2008_007694 0.5310 92.6432 86.3344 394.6540 357.7686
2008_007729 0.6448 297.2832 67.7857 498.4768 273.9491
2008_007816 0.9993 122.6141 34.4016 500.0000 485.1137
2008_007850 0.9950 248.1152 146.1860 298.1659 197.2124
2008_007850 0.9009 69.4938 156.1107 87.6093 178.3309
2008_007945 0.9971 36.0686 46.9565 394.4705 323.8389
2008_007945 0.9850 118.0843 85.5907 456.6278 328.4323
2008_007945 0.9665 222.3795 132.3571 479.7902 319.4699
2008_007945 0.5939 26.5929 202.4875 85.6424 316.4980
2008_008011 0.9988 72.7278 36.5529 453.2478 345.4804
2008_008011 0.9722 187.6918 22.8467 479.8346 319.5408
2008_008011 0.9310 17.2072 2.5815 487.2841 235.9524
2008_008011 0.7793 1.4365 0.0000 320.4734 343.1381
2008_008011 0.7288 218.6795 15.1941 490.1396 191.2503
2008_008040 0.9938 178.1220 90.3310 392.0544 226.5189
2008_008052 0.7688 38.1083 76.3513 402.5346 350.5168
2008_008075 0.9987 12.8384 100.4575 301.0826 500.0000
2008_008075 0.7221 20.9985 284.0720 328.2532 497.4171
2008_008232 0.9912 292.5775 190.6642 347.0186 237.9079
2008_008279 0.9880 0.0000 43.4675 311.3028 500.0000
2008_008296 0.9495 230.2255 207.3309 287.7171 268.9456
2008_008318 0.9884 1.2371 30.4184 339.2984 381.9595
2008_008392 0.9958 118.8095 78.5231 360.1545 269.1414
2008_008393 0.9595 4.0383 19.1677 484.0756 369.7333
2008_008395 0.9998 114.8877 142.6365 460.2968 356.7020
2008_008421 0.9661 0.0000 20.4235 262.4192 425.1194
2008_008421 0.9199 4.6736 122.0956 304.4136 480.1515
2008_008453 0.9912 166.7723 203.5605 224.4391 246.7152
2008_008453 0.9901 223.7159 204.4108 268.4777 247.7203
2008_008453 0.9668 327.2858 210.1760 367.3676 239.1873
2008_008453 0.5211 99.4087 206.1197 119.9155 228.8013
2008_008453 0.5162 304.0919 210.4955 336.6611 233.5132
2008_008488 0.9926 85.1171 87.7870 419.9788 305.1534
2008_008488 0.9010 31.2602 75.4453 325.9491 249.0805
2008_008488 0.5861 18.8283 73.0797 173.3441 229.6848
2008_008500 0.9993 191.1721 93.3021 457.2246 322.5118
2008_008613 0.8229 366.4379 204.6749 413.6151 257.4724
2008_008613 0.5215 81.1915 220.0926 130.7935 269.8380
2008_008636 0.5198 26.2177 47.2384 432.8033 390.7813
2009_000001 0.9976 138.6246 88.1195 336.7566 242.2232
2009_000001 0.9952 34.0087 93.0859 187.9710 252.9676
2009_000017 0.9949 64.4553 161.6916 379.2927 332.6486
2009_000017 0.9702 230.1743 141.6600 433.1106 327.5784
2009_000017 0.9224 66.4116 187.7013 265.3445 333.7066
2009_000017 0.7806 191.2952 157.4789 376.0042 326.5589
2009_000068 0.9998 41.3125 54.1097 352.6120 414.4915
2009_000169 0.9993 13.9659 34.3525 449.8668 325.6608
2009_000169 0.8022 350.7035 8.6705 476.5902 172.1466
2009_000293 0.9842 0.0000 13.0714 397.7144 334.0000
2009_000293 0.8948 173.3866 18.8468 398.4927 332.7324
2009_000293 0.8079 76.7552 0.0000 325.6765 105.8424
2009_000312 0.9891 176.0268 18.6704 477.8542 301.6861
2009_000312 0.9623 337.5586 1.2065 500.0000 333.3948
2009_000312 0.8788 172.2451 41.2558 299.7586 275.6611
2009_000412 0.9989 14.4241 48.0282 240.4036 299.1221
2009_000412 0.9948 165.3059 37.3910 402.8885 314.6853
2009_000412 0.9688 271.0602 74.8033 497.9342 307.9263
2009_000412 0.8491 72.7094 40.7167 316.8880 297.9028
2009_000691 0.9982 8.2764 11.6342 315.5660 487.8889
2009_000705 0.9986 192.6522 135.7229 392.5807 259.3029
2009_000727 0.9802 175.5001 95.6473 396.5974 277.9137
2009_000727 0.7537 182.2745 87.6467 315.3813 198.0874
2009_000823 0.9455 81.0114 27.6687 349.6727 310.8868
2009_000843 0.9985 61.9229 111.1787 390.8969 416.2702
2009_000852 0.9824 170.7433 92.0339 438.6166 285.9474
2009_000852 0.9752 6.1982 156.2572 96.1904 214.3202
2009_000852 0.6441 201.5580 129.4558 399.8434 286.2065
2009_000931 0.9800 362.7355 86.3166 500.0000 197.6613
2009_000931 0.9740 170.3899 69.6070 317.1446 195.2372
2009_000934 0.9946 161.1619 169.2534 317.3615 284.4243
2009_000934 0.9940 271.1572 157.1871 454.9762 292.2825
2009_000934 0.9915 53.2180 161.4934 175.3199 283.8210
2009_001006 0.6202 83.6734 39.8908 257.2331 227.4086
2009_001026 0.9608 242.3891 177.1730 308.7567 345.9561
2009_001055 0.9985 194.3661 95.2169 467.0152 322.4850
2009_001184 0.9961 275.8691 163.7764 389.6982 260.6662
2009_001184 0.9950 90.0035 169.4079 188.2981 245.3406
2009_001196 0.9997 108.9572 85.0511 333.4045 267.7449
2009_001355 0.9972 194.1863 299.6028 338.1499 396.2067
2009_001433 0.9939 111.9877 240.3063 299.6397 371.9617
2009_001433 0.9643 159.9892 201.7852 335.4944 364.1328
2009_001518 0.5925 352.0836 179.1288 486.3937 316.7223
2009_001539 0.9985 59.2675 139.7274 423.7956 368.7086
2009_001539 0.9003 376.5452 149.5346 494.4181 309.2828
2009_001635 0.9973 8.5465 146.8721 300.9121 500.0000
2009_001635 0.9597 172.4083 128.0607 330.6373 478.7331
2009_001635 0.8148 128.8418 90.4815 303.8203 472.9571
2009_001635 0.7856 243.6474 151.4556 333.0000 414.4043
2009_001635 0.7082 198.2908 230.7091 333.0000 479.9384
2009_001653 0.6510 0.0000 155.2854 328.3690 477.4476
2009_001653 0.5150 4.0236 132.7208 201.2543 479.9944
2009_001890 0.9917 118.2027 109.2155 274.5261 223.8098
2009_001911 0.9983 21.1561 82.5244 124.0670 326.6729
2009_001911 0.9978 143.9883 88.9191 316.0318 229.5247
2009_001911 0.9929 344.9379 82.7436 500.0000 323.1627
2009_002002 0.5616 110.5114 118.4998 412.2133 304.8411
2009_002046 0.9957 28.8409 9.6974 168.2375 465.8793
2009_002046 0.8634 19.5494 2.8748 199.5122 276.8787
2009_002046 0.5709 63.4720 6.8680 259.2832 348.4009
2009_002097 0.9999 268.2070 163.6845 453.3481 279.9184
2009_002230 0.9962 155.4024 74.2005 297.9311 331.5334
2009_002231 0.9911 113.4363 95.8706 362.1439 479.8395
2009_002305 0.9878 207.4849 137.3085 256.6044 259.4000
2009_002305 0.9484 87.8399 149.3090 121.9999 210.2399
2009_002305 0.9198 157.8432 150.0509 198.3443 216.7146
2009_002305 0.9067 245.1923 135.4046 313.5819 217.3762
2009_002420 0.9993 141.5060 175.2184 320.4444 275.4697
2009_002477 0.9973 74.0778 23.0615 280.7066 430.8056
2009_002515 0.9987 113.5749 93.2931 415.7408 310.0938
2009_002515 0.8699 432.2328 99.5773 492.4436 228.7428
2009_002684 0.9587 44.0203 83.8439 333.0000 463.9311
2009_002882 0.5252 25.0246 4.5653 500.0000 364.5292
2009_002883 0.9873 53.8097 43.0232 223.7885 330.0000
2009_002883 0.8427 79.7843 64.4267 280.4716 322.3781
2009_002883 0.8011 155.0370 73.5672 320.4488 324.8154
2009_002975 0.9981 13.9685 32.7901 373.3167 312.5054
2009_003083 0.9982 7.6709 70.2328 329.7905 370.8618
2009_003128 0.9863 46.6566 62.1218 276.5641 320.3905
2009_003128 0.9065 21.9477 73.1024 440.3097 331.8325
2009_003128 0.8598 113.3604 126.7303 460.0930 333.0000
2009_003128 0.7057 268.6339 160.3535 461.7961 320.6971
2009_003294 0.9774 197.6029 118.5041 399.6949 314.8041
2009_003305 0.9545 276.3332 147.6774 357.5291 316.2625
2009_003323 0.7980 217.7664 172.2802 343.7649 470.7150
2009_003323 0.6308 204.1885 162.1792 286.9296 229.0495
2009_003445 0.5889 333.6769 167.8528 418.3531 224.3253
2009_003481 0.9031 89.0678 128.9305 394.6325 306.7469
2009_003481 0.8964 156.6000 103.1793 371.2431 192.5612
2009_003481 0.7322 59.5409 105.2152 167.8863 265.0717
2009_003530 0.9996 70.3083 53.5247 368.3949 308.5055
2009_003565 0.9999 35.3103 92.0849 366.9765 345.5293
2009_003569 0.6142 102.9709 182.6418 153.5156 275.0288
2009_003637 0.9966 99.3916 33.7743 270.5630 376.6161
2009_003686 0.9980 0.0000 25.4301 287.9572 487.4882
2009_003725 0.9867 388.3406 187.4979 439.2047 288.9660
2009_003725 0.8198 341.2242 174.9429 387.0471 288.5385
2009_003804 0.8448 129.4825 88.9469 326.2579 435.5103
2009_003822 0.9996 11.9018 12.9912 463.1306 393.9250
2009_003855 0.9967 319.2795 38.2917 500.0000 329.2504
2009_003855 0.9937 1.8197 21.2745 192.2865 316.8113
2009_003903 0.9962 71.2909 147.8954 394.9607 352.3654
2009_003903 0.7544 81.1800 194.9110 303.5025 349.1904
2009_003903 0.6051 223.7134 140.9272 422.7106 351.0348
2009_003982 0.9993 0.0000 3.4660 421.4082 498.0393
2009_003982 0.7579 11.3515 0.0000 230.0146 489.8674
2009_004262 0.9101 207.4531 7.0536 478.1888 331.9504
2009_004497 0.9995 6.6486 11.3141 373.7623 374.3568
2009_004530 0.9858 6.7657 100.2666 250.6627 500.0000
2009_004543 0.9489 155.3717 120.9264 269.7599 288.1815
2009_004614 0.5787 45.4782 0.8578 412.5179 330.4969
2009_004623 0.9990 150.8439 0.0000 397.6084 371.5800
2009_004623 0.5742 136.0642 9.0984 438.0623 256.1855
2009_004897 0.9527 4.4367 10.3023 431.7775 333.0000
2009_004897 0.6891 176.9441 9.2244 441.2210 322.1113
2009_004942 0.9993 107.0043 68.6380 433.9238 421.1550
2009_004961 0.8176 276.6996 80.8338 359.7793 226.4145
2009_005161 0.9978 36.9888 14.6908 437.0537 414.3578
2009_005161 0.5520 42.1631 15.4748 294.4469 275.6129
2009_005217 0.9978 59.5336 70.0989 392.7633 367.9932
2010_000038 0.9996 46.7935 113.6311 446.2962 369.2622
2010_000095 0.9785 172.9630 125.3376 332.7473 339.2479
2010_000139 0.6790 0.0000 74.5714 163.7746 280.2352
2010_000139 0.6101 14.0576 78.3964 264.9754 294.2565
2010_000273 0.9968 180.3574 105.5776 301.7028 242.3071
2010_000283 0.9988 152.3471 67.8734 482.0894 332.0000
2010_000283 0.9656 1.0685 111.2129 90.7133 203.7590
2010_000283 0.9371 68.5291 113.6002 181.5846 326.9044
2010_000283 0.9008 61.3398 84.3285 256.8118 321.3224
2010_000283 0.6059 5.0585 112.8476 162.3183 312.4979
2010_000283 0.5934 341.3937 115.2795 494.1664 318.9038
2010_000309 0.6796 139.7955 184.3975 183.0027 223.9661
2010_000446 0.9787 207.6361 93.6826 323.9544 326.4923
2010_000446 0.8435 10.3596 179.3096 106.0219 328.8852
2010_000446 0.8326 11.3014 196.4998 66.3021 331.2607
2010_000446 0.8319 4.8460 175.5796 215.6077 333.0000
2010_000461 0.9183 136.0366 100.8824 487.4881 370.0518
2010_000608 0.7302 30.8615 67.1528 426.5401 408.5739
2010_000608 0.6112 149.5010 99.0288 451.4483 406.6868
2010_000666 0.9994 4.8544 74.9358 383.7973 297.5872
2010_000749 0.9978 77.5021 141.9698 303.6149 303.5873
2010_000874 0.9983 101.3775 99.3675 311.7306 485.3034
2010_000874 0.9815 10.3130 118.5739 142.6598 446.2216
2010_000874 0.9165 5.6095 130.7405 106.8444 350.8180
2010_000874 0.8303 24.2031 161.6093 288.3680 476.3433
2010_000923 0.9980 51.3414 17.4221 454.2588 334.9825
2010_001077 0.9954 111.2781 98.9670 383.7801 307.6009
2010_001264 0.7605 140.6159 3.4323 500.0000 326.0989
2010_001325 0.9907 167.9981 105.3949 371.3104 319.1629
2010_001412 0.9552 238.2712 4.0147 453.4511 217.8068
2010_001451 0.6732 56.8810 0.2541 313.0125 330.0159
2010_001829 0.9998 183.2015 38.7986 455.2167 330.3943
2010_001829 0.9980 6.3548 28.3735 207.9484 331.8273
2010_001829 0.7627 58.2517 38.2959 345.1491 311.0356
2010_002005 0.6926 0.1648 18.6422 347.6640 390.7977
2010_002161 0.9537 157.8661 22.0004 439.6571 348.2516
2010_002161 0.9287 2.5097 67.3292 252.8815 369.4065
2010_002161 0.8145 56.1191 24.1983 386.5205 359.1322
2010_002161 0.6241 61.6546 23.5005 401.4785 225.5419
2010_002183 0.9983 128.0277 166.7735 359.0754 337.6824
2010_002283 0.9984 31.6672 11.5822 458.2329 451.0000
2010_002340 0.9886 21.4174 109.7178 345.6188 484.3429
2010_002340 0.7417 10.7874 168.0766 236.1638 496.6431
2010_002691 0.9953 5.2163 44.7040 441.9778 341.4760
2010_002754 0.5818 131.7224 329.7421 150.6193 346.8080
2010_002808 0.7030 50.7721 3.2979 394.4872 322.1428
2010_002822 0.9991 122.1152 192.4062 234.7836 424.8088
2010_002881 0.5643 12.5828 57.9925 370.3607 329.2278
2010_003016 0.7366 28.8130 143.3771 301.1230 375.0000
2010_003239 0.9053 250.2956 118.5543 345.0422 356.1941
2010_003270 0.9811 187.6387 70.7499 341.9113 295.4685
2010_003270 0.6680 233.3734 70.2780 345.8030 242.6317
2010_003490 0.9926 183.6388 145.7560 313.5188 195.5099
2010_003532 0.9934 86.3759 37.4510 398.8080 359.1223
2010_003532 0.9887 3.9222 17.6828 137.0975 207.7410
2010_003532 0.9595 258.1725 36.2806 427.9550 285.5323
2010_003532 0.7012 0.8000 24.4734 172.4870 283.5053
2010_003532 0.5254 8.0544 16.2925 82.2581 195.6432
2010_003573 0.9992 33.5348 96.9211 310.2197 479.1129
2010_003645 0.9951 198.7333 161.0424 279.4918 252.6570
2010_003890 0.9993 51.5860 58.5285 412.6423 319.7681
2010_003919 0.8341 244.3468 148.7458 319.8870 255.3309
2010_003919 0.7680 181.3801 148.3210 320.7553 252.1132
2010_004036 0.6208 64.0011 57.9178 320.0401 400.7023
2010_004107 0.9990 252.4721 39.7987 497.1119 333.0000
2010_004107 0.9964 34.7643 62.3153 232.4601 323.2657
2010_004107 0.9962 6.2404 93.8781 177.5007 328.1983
2010_004107 0.9241 126.3900 50.1076 245.2280 319.4444
2010_004145 0.9997 82.4613 24.0223 359.9894 331.4237
2010_004145 0.6193 64.2149 136.1832 346.9893 332.2853
2010_004227 0.5918 62.8439 62.9578 334.0000 495.7812
2010_004228 0.9960 185.7284 94.3810 496.2092 363.9529
2010_004322 0.5684 78.5165 19.0936 444.9963 375.0000
2010_004351 0.9967 24.6131 21.2319 463.8641 324.7824
2010_004351 0.6830 27.1723 13.1219 286.8396 313.0598
2010_004351 0.5853 210.2895 35.6418 458.9867 321.6798
2010_004374 0.9999 61.0968 102.5600 336.6007 444.1627
2010_004456 0.7751 9.6309 62.9644 182.0440 173.8158
2010_004519 0.9998 111.9221 32.6451 397.4348 373.3531
2010_004542 0.9967 200.5791 56.5849 420.9504 375.0000
2010_004542 0.9161 16.5830 95.3723 61.9497 185.2806
2010_004542 0.6929 27.0240 106.3448 57.7458 181.6412
2010_004542 0.5618 335.1385 94.6627 440.1032 373.9988
2010_004542 0.5200 0.0000 83.4340 299.7748 367.2311
2010_004856 0.9573 20.2007 45.9275 277.1171 335.7849
2010_004856 0.8930 47.5535 42.2729 451.8040 346.5023
2010_004856 0.5337 47.3967 54.4621 204.3683 329.5771
2010_005107 0.9956 142.1962 72.1871 323.4632 412.2955
2010_005174 0.9905 36.5373 31.8748 413.9670 375.0000
2010_005243 0.9902 87.0406 93.8760 148.3414 249.0982
2010_005338 0.8332 80.0895 43.4497 500.0000 281.8415
2010_005338 0.5862 9.3778 35.8101 364.4316 260.4883
2010_005452 0.9971 77.4277 62.7467 445.8109 341.7747
2010_005467 0.7134 247.9933 196.7496 293.2188 284.7087
2010_005467 0.5659 135.4212 188.2845 195.6983 270.5009
2010_005484 0.9902 0.0000 5.5590 333.0000 489.6014
2010_005484 0.9179 123.5748 3.0265 321.1010 490.0493
2010_005484 0.7311 7.1436 177.7875 259.5187 500.0000
2010_005484 0.6234 2.6868 0.9374 328.9799 275.7279
2010_005484 0.5029 109.8708 10.1086 326.1486 307.3794
2010_005733 0.9965 250.5485 71.8777 407.2049 345.6576
2010_005733 0.8899 135.4656 74.3756 422.0226 342.0056
2010_005784 0.9977 12.1346 16.7683 279.8969 260.0000
2010_005784 0.9179 0.3612 15.5873 182.6627 247.5936
2010_005976 0.9957 214.2133 213.7260 279.6497 258.9770
2010_006003 0.9967 225.7490 202.3352 312.9762 260.0983
2010_006003 0.9522 387.2231 197.0730 465.9484 255.3936
2010_006003 0.9371 84.1850 190.5946 199.7560 266.3977
2010_006026 0.5017 101.9920 358.1949 143.4956 381.3904
2011_000043 0.9945 36.1225 0.0000 333.0000 500.0000
2011_000147 0.9939 248.2706 158.8005 455.5105 280.2392
2011_000147 0.5478 293.4561 147.3827 460.4481 256.5273
2011_000210 0.9995 145.0954 160.7941 274.2285 277.8685
2011_000246 0.8464 242.9333 103.7353 417.3718 433.8420
2011_000299 0.7538 0.0000 2.5924 364.0628 365.9406
2011_000396 0.9626 224.5831 211.5794 303.6751 305.4355
2011_000396 0.8244 80.8795 244.9906 127.7997 296.5666
2011_000418 0.9334 403.5236 247.1718 483.8158 322.5345
2011_000519 0.9887 96.3262 13.7276 245.3763 352.3229
2011_000519 0.9535 284.6978 115.0433 425.6449 346.6491
2011_000519 0.5284 219.6055 104.7165 467.8139 351.7795
2011_000526 0.9985 65.0924 22.4710 500.0000 324.0886
2011_000548 0.9512 119.0590 57.4413 284.2346 216.1315
2011_000548 0.7563 138.4501 66.9584 346.9650 221.4926
2011_000548 0.6669 403.6701 26.8155 463.0079 127.0678
2011_000612 0.9749 165.2189 121.9950 300.1738 236.9475
2011_000930 0.5512 102.3700 2.8024 488.5652 332.3280
2011_001159 0.6935 15.7079 187.5026 487.7063 467.9496
2011_001245 0.9968 178.7609 140.8450 235.6653 211.0705
2011_001284 0.6142 211.2928 24.8749 490.2716 326.8745
2011_001335 0.9852 102.6888 191.6735 218.7291 324.5710
2011_001335 0.9330 46.4576 199.3424 106.7034 297.6624
2011_001335 0.8381 146.6680 185.9365 263.2774 269.6061
2011_001335 0.7430 132.3515 181.8410 255.9484 324.7166
2011_001399 0.5290 9.4662 4.9527 360.9306 479.7451
2011_001544 0.9973 9.0037 36.5264 373.7243 359.0307
2011_001544 0.9732 129.4104 32.9207 418.6782 332.3153
2011_001544 0.6565 223.5553 58.5626 413.4749 317.9897
2011_001722 0.9997 30.0506 29.0273 272.8633 207.8787
2011_001722 0.6666 98.4313 52.8578 268.0945 204.2692
2011_001815 0.9847 196.5834 103.5413 333.1025 230.7856
2011_001825 0.9997 81.1496 127.2467 427.2973 446.6069
2011_002047 0.6631 195.5190 58.8807 339.7221 326.5231
2011_002047 0.6134 239.8540 126.8770 471.7301 321.0614
2011_002159 0.8832 90.5092 151.1930 313.2525 379.8272
2011_002178 0.5677 43.5228 79.9655 500.0000 375.0000
2011_002362 0.7911 211.5475 117.9151 442.2955 295.9538
2011_002520 0.9978 334.4336 29.1995 462.8936 262.2071
2011_002520 0.9959 244.8170 23.7929 346.6054 255.9121
2011_002520 0.9934 27.7355 39.7486 138.7690 272.0927
2011_002520 0.9931 138.7691 29.1669 249.1635 222.9905
2011_002520 0.6840 226.0422 13.0582 458.0670 265.0308
2011_002583 0.9965 118.4136 105.8661 325.3205 324.0893
2011_002694 0.9927 68.2219 130.6807 317.9688 284.6561
2011_002730 0.9976 184.3929 157.4311 294.8606 256.0344
2011_002962 0.9979 224.1984 110.5853 445.8124 288.1108
2011_002962 0.9883 26.1558 130.5743 299.5836 290.9741
2011_002983 0.9616 236.2929 204.4469 268.7715 265.9961
2011_002999 0.9509 1.0238 139.4267 169.1976 359.5712
2011_002999 0.8317 7.7435 134.9805 214.7783 427.2071
2011_003043 0.7387 209.2223 31.5944 467.3383 319.9185
2011_003043 0.5413 359.5115 35.6870 497.9552 309.9248
2011_003085 0.9560 136.3658 161.4016 217.1897 258.4644
2011_003085 0.9295 260.9729 165.7289 315.2388 246.9104
2011_003085 0.7530 273.6217 163.7902 342.0650 242.8619
2011_003085 0.5855 202.7077 174.8370 259.7240 251.9528
2011_003085 0.5109 219.1781 173.6516 268.8065 247.7303
2011_003244 0.9837 42.4753 52.6052 390.2958 368.9422
