2008_000082 0.9947 119.9149 212.6583 349.4825 361.7644
2008_000298 0.7086 17.1205 214.6823 473.7626 371.2968
2008_000328 0.9722 137.3384 205.2359 322.3558 442.0050
2008_000328 0.6960 154.0032 247.2847 287.5073 436.6295
2008_000328 0.6386 20.6880 195.2892 309.7790 460.5144
2008_000339 0.8022 0.0000 291.1848 332.0000 488.1471
2008_000378 0.9941 5.6751 177.1037 240.4966 326.3268
2008_000516 0.9843 177.3760 99.0132 437.1263 338.8519
2008_000516 0.6842 189.9565 159.2272 404.6570 350.1064
2008_000547 0.9901 116.8670 155.7595 197.3243 237.1394
2008_000782 0.8828 0.0000 127.8274 216.5770 492.3318
2008_000803 0.6517 434.4195 20.0235 460.4316 64.8825
2008_000811 0.9712 313.5342 83.1260 464.3470 372.9506
2008_000811 0.9710 19.6879 99.1039 253.0605 334.2025
2008_000858 0.9930 284.3958 35.0326 454.8579 206.0632
2008_000858 0.9882 7.3724 58.6898 385.7621 319.2960
2008_000858 0.7481 14.2137 104.5419 311.1370 290.4137
2008_000858 0.6284 233.6474 18.6567 480.2871 191.3832
2008_000858 0.5514 36.7794 33.6295 432.4509 233.6714
2008_001007 0.5662 124.1907 280.6862 330.5023 374.6762
2008_001076 0.5861 10.9565 146.5162 361.1250 372.4364
2008_001150 0.9947 105.7596 270.3102 203.3268 340.5004
2008_001168 0.9984 2.1727 20.8516 468.9361 295.7964
2008_001168 0.9672 0.0000 34.0067 303.3196 286.4880
2008_001168 0.7956 193.1765 45.1739 487.1631 289.7188
2008_001177 0.9282 215.0240 148.3636 347.6229 266.0439
2008_001226 0.7290 84.4004 30.0305 489.0347 396.0043
2008_001406 0.9953 69.1764 9.3521 453.4946 270.9094
2008_001406 0.9442 24.5077 1.7939 304.7110 216.6039
2008_001406 0.7779 0.0000 23.2691 169.2676 207.8962
2008_001406 0.6759 89.2228 24.2075 291.1341 152.9045
2008_001406 0.6688 0.0000 23.9066 97.3401 199.6152
2008_001586 0.6536 34.0572 255.1628 85.3805 311.3891
2008_001590 0.8884 37.0915 46.2261 379.8835 348.4787
2008_001727 0.5977 292.2051 191.1873 355.5544 242.7676
2008_002035 0.9252 89.9594 29.6515 499.5321 333.0000
2008_002035 0.8656 270.7684 61.8566 500.0000 333.0000
2008_002035 0.6358 144.7084 130.5044 486.7658 329.3081
2008_002047 0.9724 83.6506 198.8008 121.4016 234.3949
2008_002115 0.7940 242.4986 7.0543 488.2820 314.9852
2008_002179 0.8503 265.2148 13.3067 312.1188 47.4090
2008_002179 0.7982 296.9789 9.1269 332.2605 38.7795
2008_002191 0.9774 2.1052 234.6708 108.2641 465.2711
2008_002191 0.9159 225.3947 239.1691 261.1926 294.2776
2008_002209 0.9423 295.2510 203.4435 453.2435 319.5762
2008_002209 0.9039 286.1225 198.5920 392.1424 302.5156
2008_002209 0.6053 349.0972 224.9415 453.8665 316.8513
2008_002240 0.8940 36.6536 119.7250 142.2899 325.2801
2008_002240 0.8931 232.1897 85.2155 359.0988 312.1315
2008_002240 0.8627 325.6731 123.7705 457.0847 320.5733
2008_002240 0.8183 176.7371 11.2881 344.2530 333.0000
2008_002240 0.8022 293.5027 26.1893 455.1408 327.4388
2008_002240 0.7850 142.3843 130.0568 233.0239 333.0000
2008_002240 0.7372 18.3692 15.2248 490.6310 259.9474
2008_002240 0.7357 196.5819 35.6730 461.9386 330.9394
2008_002240 0.6960 28.2942 11.7545 149.3219 331.2133
2008_002240 0.5816 23.8136 19.1427 229.1822 333.0000
2008_002366 0.5632 13.2201 66.8066 331.0000 472.2756
2008_002383 0.7492 77.8334 0.0000 254.5754 431.2628
2008_002401 0.9198 455.9709 225.6254 492.8081 257.9485
2008_002696 0.9813 98.4586 16.8655 500.0000 373.8021
2008_002696 0.8771 41.7545 127.4104 466.7330 366.9725
2008_002696 0.8049 61.3234 12.7816 360.6618 375.0000
2008_002696 0.7149 251.2788 20.2355 500.0000 347.0081
2008_002696 0.7012 248.0160 0.0000 390.7565 162.0888
2008_002720 0.5006 5.1375 80.5590 337.4149 286.0455
2008_002752 0.9900 194.2245 130.5598 391.9652 265.8249
2008_002752 0.9701 5.0223 253.5275 294.2089 370.9181
2008_002926 0.9115 11.1578 16.7474 451.9376 324.6575
2008_002926 0.6814 192.7796 3.9375 454.9286 319.3141
2008_003053 0.8219 58.3605 108.8596 445.2940 371.3110
2008_003053 0.6816 43.7806 149.8574 332.6297 375.0000
2008_003067 0.8981 36.4644 384.9672 69.4155 420.4265
2008_003152 0.9917 33.1713 89.7489 380.1266 342.1797
2008_003249 0.9362 76.9985 143.4210 352.9585 307.4036
2008_003320 0.9884 78.7998 145.2070 391.1863 349.6339
2008_003333 0.7386 116.3810 135.0141 303.5451 269.4876
2008_003334 0.9840 72.5465 121.1498 234.1839 244.1354
2008_003451 0.9732 119.6918 141.9498 396.1569 373.2307
2008_003451 0.7128 140.3537 197.7977 355.0799 380.4697
2008_003479 0.8918 34.7738 206.1084 277.5194 466.4192
2008_003618 0.6684 347.7737 186.0552 500.0000 375.0000
2008_003618 0.5839 308.4160 170.8670 417.7346 273.2684
2008_003820 0.9990 3.2351 99.3214 401.8578 360.0000
2008_003820 0.7387 0.0000 181.6086 192.4449 355.3379
2008_003827 0.9980 22.7510 62.5402 495.3102 311.0513
2008_003827 0.5180 15.9495 111.0276 375.5963 320.1478
2008_003844 0.9850 270.4786 99.0087 340.5186 188.4487
2008_003996 0.8191 122.2667 137.0245 486.4598 359.5852
2008_004345 0.9944 88.0133 24.8062 413.6623 362.8334
2008_004345 0.5556 36.7196 146.4792 425.4033 364.9536
2008_004371 0.5110 260.7327 42.0953 368.3865 252.1525
2008_004399 0.9726 244.2477 149.2805 328.2808 264.2454
2008_004549 0.9966 15.2670 100.3698 440.2196 359.2863
2008_004554 0.9746 288.6652 101.4166 360.6261 171.6430
2008_004599 0.9755 92.9941 96.3710 406.8087 314.7229
2008_004599 0.5418 168.0363 138.7240 390.5484 311.8843
2008_004615 0.9966 0.0000 1.2828 460.9347 375.0000
2008_004615 0.9911 2.2817 18.3028 279.2361 367.7441
2008_004615 0.7339 0.9727 30.2389 101.0531 259.7567
2008_004615 0.7183 2.3078 15.8762 193.1456 312.5153
2008_004615 0.6939 3.0764 21.1047 77.5150 170.9848
2008_004615 0.6292 2.6698 2.3279 371.1208 216.9487
2008_004729 0.9648 383.4013 158.7855 489.1749 253.1920
2008_004832 0.9927 232.7142 77.6985 321.8593 211.7686
2008_004832 0.8574 5.1912 106.0397 136.6667 225.1315
2008_004832 0.6522 50.1880 92.1181 250.9008 387.7755
2008_004832 0.5435 28.8685 82.7299 242.0988 289.1743
2008_004940 0.9695 0.0000 27.6390 500.0000 333.0000
2008_004940 0.8956 0.0000 77.7403 361.6591 330.9518
2008_004940 0.8673 178.4627 56.7031 491.8159 329.2875
2008_004940 0.7528 287.3262 97.9452 494.9866 328.7409
2008_004940 0.7049 31.0978 131.5094 489.8591 327.1335
2008_004940 0.6508 0.0000 114.8917 240.3975 333.0000
2008_005032 0.9427 272.2889 187.7150 399.6860 360.0356
2008_005049 0.9769 100.3874 146.9313 331.0993 341.4519
2008_005139 0.8886 48.0634 268.9741 108.6507 366.2071
2008_005139 0.8449 234.2900 177.9638 290.1063 255.7040
2008_005139 0.7358 117.7575 161.7628 178.0815 242.2128
2008_005139 0.7209 115.3687 182.2702 157.9721 241.9394
2008_005139 0.6546 236.9004 183.9252 270.7233 257.3344
2008_005243 0.8763 223.1104 124.2150 321.6745 242.0020
2008_005243 0.6077 245.0299 152.8669 319.4295 236.0112
2008_005245 0.9765 282.4893 166.0764 343.0000 232.3886
2008_005245 0.8725 30.8832 193.9972 286.5744 369.7870
2008_005245 0.7870 39.3546 163.5902 149.9434 236.4775
2008_005282 0.7438 290.9945 0.0000 500.0000 361.6376
2008_005374 0.9971 36.6265 67.3578 435.1694 342.4307
2008_005374 0.8131 233.7974 138.7656 447.5183 343.0783
2008_005422 0.9987 64.1189 52.7297 453.4215 302.6924
2008_005423 0.9640 188.8349 153.7912 440.6481 294.6260
2008_005423 0.5574 185.5038 159.2263 348.4697 293.3323
2008_005427 0.9870 67.1406 90.4704 351.4789 331.0478
2008_005574 0.8406 27.2044 0.0000 352.2658 350.5635
2008_005637 0.9958 10.7924 92.7842 497.0148 291.9294
2008_005637 0.7879 176.4715 154.2310 478.7602 299.7201
2008_005915 0.8062 10.2097 86.1300 500.0000 375.0000
2008_005915 0.6201 4.0427 0.0000 289.8123 57.8716
2008_006017 0.9991 67.6036 41.3454 395.5917 360.8197
2008_006017 0.8592 61.4480 167.9809 392.3081 368.3805
2008_006042 0.9632 0.0000 237.8923 345.4585 490.4821
2008_006169 0.9756 8.7210 78.2181 370.6079 494.8922
2008_006205 0.9606 93.4232 92.9841 266.2357 313.2558
2008_006441 0.9985 33.7519 14.4926 392.1889 323.0238
2008_006458 0.9920 19.5810 133.8764 224.7556 432.6751
2008_006458 0.5123 14.5632 236.3055 181.4958 433.5837
2008_006467 0.5910 45.9667 74.0106 367.9432 315.7240
2008_006517 0.7340 36.8690 0.0000 412.6292 347.0147
2008_006526 0.9860 0.0000 167.4716 102.5899 299.0770
2008_006526 0.6571 28.6079 161.4836 108.6598 259.0226
2008_006600 0.6591 392.9606 176.5205 413.4517 197.5851
2008_006686 0.9906 30.5569 27.5503 416.0188 279.1660
2008_006686 0.9244 133.8870 29.2255 484.4621 289.4361
2008_006686 0.6532 19.0569 33.7178 273.7915 264.9032
2008_006708 0.9975 213.8115 30.0737 383.1365 160.3145
2008_006776 0.9443 49.5966 162.6631 444.8637 325.1542
2008_006944 0.9561 103.7866 142.0182 386.3245 311.9086
2008_006987 0.9590 138.8008 100.3852 343.3511 242.1654
2008_006989 0.9577 252.4449 165.5203 399.6091 256.2780
2008_007181 0.8852 106.3491 140.7702 365.8659 375.0000
2008_007181 0.7577 49.4023 235.6740 104.0183 299.0523
2008_007184 0.9293 206.9365 113.5440 277.5802 200.5981
2008_007222 0.9792 136.5533 227.9332 312.5235 412.6366
2008_007241 0.9617 109.9527 43.8765 367.3777 360.3489
2008_007264 0.9947 40.6282 11.6214 459.1458 348.9471
2008_007336 0.9900 3.1519 165.6144 334.0000 481.8976
2008_007344 0.9864 324.3402 119.5833 460.4459 366.9275
2008_007348 0.9732 256.6741 213.3387 349.5475 294.6504
2008_007409 0.7989 96.2333 188.3546 157.2978 221.6088
2008_007459 0.9969 17.6667 127.0429 500.0000 447.1755
2008_007459 0.5954 187.7268 99.1859 418.4298 271.1000
2008_007488 0.9962 138.4279 226.8957 221.8108 298.1021
2008_007558 0.9965 70.5181 0.0000 407.0986 375.0000
2008_007716 0.9487 93.8538 125.7279 301.8363 358.2796
2008_007739 0.9989 95.2715 3.6919 418.2894 359.6034
2008_007757 0.9496 36.1108 83.0903 342.8477 320.1978
2008_007757 0.7322 143.6616 99.9302 419.4436 325.2099
2008_007935 0.9867 42.4507 88.1561 132.8187 179.8539
2008_007942 0.7900 316.1662 114.8504 394.9472 278.2661
2008_007955 0.8841 30.7471 142.2786 186.7382 317.3568
2008_007955 0.8488 52.6977 91.6184 387.2251 309.6729
2008_007993 0.7539 70.4805 134.7551 439.0168 393.8488
2008_007993 0.5974 69.9959 148.8895 253.5631 314.9360
2008_008127 0.9958 239.3075 180.3604 393.1178 324.7144
2008_008141 0.9410 436.4495 185.1343 476.4327 219.0592
2008_008177 0.9485 0.0000 133.8865 45.6873 250.5228
2008_008177 0.9148 133.2621 140.8214 300.8159 296.4726
2008_008177 0.8206 273.6666 127.0337 419.4620 324.5274
2008_008177 0.5646 471.3037 161.7603 499.1386 246.9017
2008_008246 0.9406 101.0163 201.1944 356.8911 365.2361
2008_008246 0.8848 0.9101 294.8363 59.6444 375.0000
2008_008450 0.9913 337.2108 127.0498 466.7644 341.2553
2008_008450 0.9896 0.0000 126.0394 153.2331 321.4099
2008_008450 0.9856 151.8949 147.8600 287.4753 340.8940
2008_008450 0.8591 438.4749 183.6400 500.0000 292.0465
2008_008450 0.7778 234.1364 169.3020 284.0947 295.5046
2008_008450 0.5469 456.3708 218.4350 499.8542 290.4370
2008_008466 0.9800 223.4945 177.8393 272.6498 271.3894
2008_008466 0.8671 32.2617 184.2439 52.8245 210.6130
2008_008552 0.9989 69.7912 105.9377 458.6488 338.8152
2009_000074 0.9969 65.7168 75.5750 392.7564 311.7118
2009_000078 0.5223 81.8772 113.6067 399.2238 226.1354
2009_000184 0.9991 29.7396 42.4285 482.3322 325.2417
2009_000276 0.9965 12.8871 1.7675 500.0000 361.6134
2009_000276 0.8190 83.4050 0.0000 500.0000 202.5930
2009_000276 0.6136 205.7108 5.6932 500.0000 375.0000
2009_000286 0.8497 8.8986 0.0000 375.0000 419.2100
2009_000354 0.8289 24.4180 2.2495 484.0065 338.3409
2009_000397 0.6064 450.6613 224.1986 474.1398 253.6467
2009_000402 0.9928 39.8468 30.9640 463.3325 327.7263
2009_000402 0.9882 40.1143 43.1108 359.5155 251.7206
2009_000411 0.6442 7.7461 243.1511 160.0235 375.0000
2009_000558 0.6029 325.6509 261.6997 374.2733 375.6794
2009_000611 0.9981 26.5761 0.0000 471.9400 339.3933
2009_000637 0.8818 36.6757 117.4097 292.5442 313.4165
2009_000637 0.8286 171.0287 107.1074 392.4948 285.3428
2009_000676 0.8041 7.9065 10.3016 460.9227 276.0793
2009_000676 0.5788 116.1212 8.6850 364.4107 135.9053
2009_000676 0.5236 127.9207 17.2812 476.8589 211.1472
2009_000676 0.5227 26.6436 12.1100 393.7195 158.3082
2009_000719 0.9881 55.6922 133.2520 427.8828 311.7847
2009_000719 0.5946 33.5870 86.4271 290.5818 307.1399
2009_000726 0.6831 300.8022 137.3730 435.5202 239.9402
2009_000730 0.9508 57.2431 68.8055 361.8655 228.7044
2009_000825 0.9912 163.6629 180.3111 476.9668 333.0000
2009_000825 0.9593 294.4074 198.1759 473.3750 327.4056
2009_000825 0.9326 29.8459 204.0043 361.4394 331.7920
2009_000825 0.8723 101.1475 209.1452 293.9984 333.0000
2009_000825 0.7190 23.0900 230.5274 261.2261 333.0000
2009_000825 0.5711 58.7793 146.2827 450.5612 329.5737
2009_000858 0.9958 54.4102 80.0635 494.2970 357.0422
2009_000858 0.9101 311.5680 6.2139 343.7914 42.1662
2009_000858 0.8555 274.2953 2.2989 318.9517 36.0086
2009_000858 0.7387 4.2871 27.5881 430.5034 265.3352
2009_000897 0.9880 159.1043 151.3814 343.6842 417.0712
2009_001061 0.9374 2.4954 0.0000 408.0464 369.2162
2009_001061 0.7318 0.0000 103.9752 357.2378 353.7122
2009_001121 0.9820 249.0291 133.8392 342.9531 196.2910
2009_001194 0.6987 86.9374 3.0842 488.2168 322.7446
2009_001255 0.7423 21.5000 7.2504 425.9994 175.5537
2009_001255 0.7075 51.2314 19.6112 481.7053 224.1281
2009_001320 0.5874 2.8696 14.3158 465.2356 340.3150
2009_001370 0.9134 130.5428 225.7989 157.5873 267.9709
2009_001427 0.9955 271.9732 84.0141 469.5199 303.9719
2009_001645 0.9690 8.0711 27.6747 269.0000 427.6213
2009_001645 0.5090 0.0000 82.2068 207.8060 500.0000
2009_001646 0.9990 51.2931 64.7260 490.1847 289.5870
2009_001646 0.7824 3.7997 2.5838 184.0661 119.8319
2009_001646 0.6887 17.3968 6.2983 253.1982 145.5071
2009_001759 0.9854 373.2304 118.2395 500.0000 282.1390
2009_001759 0.9679 257.8016 131.3001 351.0498 222.8101
2009_001759 0.9317 28.8935 146.0591 203.1922 359.9324
2009_001759 0.7408 190.9811 120.5763 266.8088 205.5064
2009_001764 0.8720 134.5166 145.9012 253.8441 377.7031
2009_001805 0.5053 22.7218 187.8541 315.4147 332.6042
2009_001915 0.8740 85.3378 0.0000 478.5502 375.0000
2009_001945 0.6320 11.7564 156.6905 332.0000 500.0000
2009_001973 0.9894 35.4080 2.7447 423.5619 406.2245
2009_001973 0.8366 365.5751 16.9107 500.0000 353.6938
2009_001973 0.8123 35.7933 5.7015 446.8347 237.2310
2009_001973 0.7648 21.5159 22.2264 305.4940 356.7295
2009_001973 0.6994 220.5428 0.0000 485.8640 432.3569
2009_001984 0.9947 108.3646 8.8826 488.4996 289.9929
2009_001984 0.9606 13.2382 13.6943 387.8029 312.4115
2009_001984 0.7944 254.3319 1.5515 484.5085 246.1983
2009_001984 0.6633 361.6801 5.0947 491.3880 166.1340
2009_001984 0.5346 345.9275 13.3364 492.7294 251.3255
2009_002131 0.9869 166.0926 106.2256 458.6811 285.0784
2009_002317 0.9653 78.7335 65.2706 382.0814 266.9475
2009_002335 0.9968 28.0238 148.2892 310.5144 469.9051
2009_002382 0.9988 12.5951 152.0285 307.1822 471.8319
2009_002382 0.5917 0.5601 207.1943 35.1436 250.9835
2009_002399 0.9859 41.5493 0.0000 481.3197 351.1726
2009_002399 0.9813 192.3039 3.1190 499.9680 310.4033
2009_002399 0.9087 0.0000 5.0038 215.7004 242.0314
2009_002399 0.8932 25.4368 1.2250 397.4688 233.7469
2009_002399 0.7009 11.7451 4.4413 288.7558 310.3847
2009_002488 0.9284 0.0000 32.6698 484.5530 349.1411
2009_002569 0.9649 161.5688 146.2251 378.0713 313.5683
2009_002569 0.8158 130.0564 18.7545 277.6505 142.2043
2009_002651 0.9899 181.0375 126.1896 409.1039 295.0958
2009_002665 0.9971 37.2752 5.1550 489.4958 372.3625
2009_002665 0.8681 173.9047 0.0000 500.0000 287.5016
2009_002806 0.9901 15.6452 151.8834 500.0000 328.5789
2009_002806 0.9173 179.9385 156.1102 488.2057 339.5543
2009_002806 0.7425 5.6689 141.5533 315.8977 333.9910
2009_002806 0.5419 91.6232 119.4236 424.1712 335.1961
2009_002806 0.5133 272.3574 191.7956 474.3086 337.6432
2009_002894 0.9777 13.0758 129.2873 240.1232 497.8468
2009_002894 0.5692 21.2162 299.4679 284.1947 493.6573
2009_002902 0.9767 56.5779 49.0698 456.1823 351.8200
2009_003020 0.8685 335.7019 196.0933 401.2821 238.6696
2009_003196 0.9945 197.5249 191.3237 415.4544 328.6237
2009_003238 0.9760 114.0304 120.8394 353.0225 266.4536
2009_003343 0.9390 0.0000 0.0000 294.0383 372.4030
2009_003346 0.9909 173.8086 182.2564 318.4579 473.8342
2009_003346 0.9812 7.1864 187.1037 177.8518 482.7142
2009_003346 0.6635 92.7550 188.0585 304.7219 465.3877
2009_003346 0.6546 258.7190 216.9908 328.4714 388.6075
2009_003411 0.9954 69.8798 88.5743 326.3782 495.8672
2009_003543 0.6520 430.4756 189.5432 486.6052 242.5480
2009_003576 0.7336 139.8855 98.3068 227.8196 307.2986
2009_003598 0.9986 31.3833 71.0709 470.6976 298.0796
2009_003598 0.7377 23.8294 51.3730 319.5024 293.4742
2009_003747 0.9975 4.6188 18.3345 494.9283 361.3568
2009_003747 0.9574 131.3862 0.1747 498.3527 268.1148
2009_003747 0.6801 1.5792 25.4913 260.8738 375.0000
2009_003802 0.9920 70.4980 2.1324 329.2258 345.4658
2009_003802 0.6185 4.9511 11.7085 388.1812 268.9707
2009_003908 0.5283 9.2998 13.3547 425.6195 329.4489
2009_003944 0.9862 58.2245 0.1811 495.8837 370.7327
2009_003944 0.8671 128.8379 91.4022 494.3799 351.7202
2009_003944 0.8620 226.7246 0.0000 500.0000 351.7531
2009_003944 0.6403 31.7273 3.0913 485.3397 169.7219
2009_003971 0.8627 20.3119 19.5871 365.9558 500.0000
2009_004043 0.9987 86.4231 100.9944 467.6051 280.8109
2009_004043 0.5109 189.5621 60.4914 472.3993 294.3360
2009_004093 0.9973 3.8661 53.2278 485.0497 342.1258
2009_004093 0.5790 2.4123 105.4529 342.9780 357.0131
2009_004175 0.9771 340.4971 204.4641 379.3972 263.7662
2009_004175 0.9290 127.1468 156.4418 145.8795 176.0629
2009_004175 0.8505 73.4113 149.4490 93.7377 170.9128
2009_004175 0.5046 79.2447 154.9651 94.3331 170.7168
2009_004207 0.9843 51.2465 26.1578 493.4783 335.0890
2009_004207 0.9048 0.0000 16.0050 298.1809 365.2496
2009_004207 0.6078 259.7752 0.0000 362.0834 53.8184
2009_004241 0.9918 99.8003 0.0000 484.2463 372.3521
2009_004241 0.9793 299.8004 0.9726 500.0000 208.9772
2009_004241 0.9651 148.6849 0.0000 493.6233 258.7614
2009_004241 0.7869 251.0554 8.4051 500.0000 302.1249
2009_004364 0.7443 0.0000 63.5371 492.3985 389.5268
2009_004455 0.9469 279.1982 55.5835 381.2268 213.0272
2009_004455 0.9351 101.5497 51.2230 302.1241 293.7586
2009_004455 0.7833 281.9976 79.1205 348.3183 215.1764
2009_004496 0.5999 3.4554 9.8379 442.8492 375.0000
2009_004502 0.9991 48.8058 103.3652 408.7625 287.1631
2009_004629 0.6213 77.8776 0.0000 451.2238 375.0000
2009_004738 0.9887 207.9465 67.1914 478.7318 241.3704
2009_004781 0.5066 182.8347 114.1118 332.0056 338.8490
2009_004801 0.9902 265.4117 144.6401 356.8873 219.5507
2009_004845 0.9906 46.0968 16.8702 435.2616 375.0000
2009_004845 0.8581 103.0980 20.1482 430.4830 260.8434
2009_004845 0.8042 222.9587 22.9352 437.5816 219.7711
2009_004857 0.9927 16.8438 21.9008 402.2718 500.0000
2009_004857 0.6701 56.8565 31.6861 416.0000 259.9908
2009_004868 0.9718 81.9458 96.2259 245.3361 296.1917
2009_004868 0.9687 281.5820 100.3972 413.2754 321.5015
2009_004868 0.5550 310.9841 155.2744 390.4624 315.6449
2009_004933 0.6486 169.0887 204.1582 283.8261 276.6762
2009_004987 0.8985 104.5473 168.6275 369.8133 303.1708
2009_005078 0.9964 121.8399 124.9801 372.7443 255.3300
2009_005086 0.9931 234.1314 201.9535 458.8065 328.9990
2009_005103 0.5295 110.3448 96.1843 410.0277 363.3091
2010_000027 0.9982 18.5610 50.0412 337.1248 476.7436
2010_000035 0.9885 64.4657 6.1637 459.1488 319.0000
2010_000035 0.9694 28.4651 18.7670 337.3282 284.4669
2010_000035 0.9087 223.6578 7.3549 486.9969 257.3336
2010_000087 0.9986 35.6924 17.8781 445.5878 328.7208
2010_000087 0.9813 14.8709 35.5649 313.5195 315.3084
2010_000087 0.9754 126.3045 87.9712 449.3467 346.1819
2010_000087 0.9236 0.0000 47.8922 188.1416 353.4368
2010_000211 0.6363 103.3252 43.7767 484.5492 315.2248
2010_000211 0.5620 39.7450 16.0828 343.2181 318.6862
2010_000260 0.5247 99.4397 323.2594 167.2120 372.5594
2010_000262 0.6339 15.7418 96.5421 104.0603 186.3103
2010_000433 0.9981 29.5322 43.6700 263.2408 313.2939
2010_000433 0.5114 40.7742 24.8638 433.4899 309.3733
2010_000449 0.6745 0.0000 153.1630 132.4863 371.4254
2010_000510 0.9665 63.2925 179.0587 284.1525 408.6681
2010_000583 0.9969 33.8321 20.7574 405.5521 372.8918
2010_000583 0.5393 96.3064 12.2083 426.1977 269.7523
2010_000695 0.8987 164.2036 129.5434 336.0555 239.3376
2010_000722 0.9897 23.8666 83.4181 416.3499 376.0851
2010_000722 0.8925 191.8116 52.5264 486.9694 376.0992
2010_000722 0.5164 286.5918 68.3282 482.7991 355.9665
2010_000744 0.9975 4.4504 27.7967 452.4931 326.7185
2010_000744 0.5049 7.8606 49.1524 254.5951 287.4329
2010_000927 0.9991 17.4984 36.6352 474.6120 327.6270
2010_000927 0.9561 194.0053 17.8081 474.0257 289.2514
2010_000929 0.7069 96.3976 281.2507 152.9882 326.0144
2010_001119 0.6285 35.5030 256.9090 405.9564 375.0000
2010_001234 0.9661 0.0000 5.9585 430.1256 267.2625
2010_001234 0.8686 0.0000 0.0000 122.4833 270.5033
2010_001234 0.8658 2.0298 0.0000 230.4573 269.2945
2010_001251 0.9986 17.0538 5.8936 412.7244 375.0000
2010_001251 0.8028 5.8559 169.1268 417.3988 375.0000
2010_001251 0.7879 63.9076 12.5507 472.1668 288.5653
2010_001313 0.9889 16.2975 195.6348 142.5386 321.6995
2010_001439 0.6031 211.3801 271.7835 235.9759 312.2693
2010_001553 0.5923 0.0000 67.7322 271.1257 490.1319
2010_001614 0.9314 96.7491 201.7129 232.4516 463.1189
2010_001757 0.7626 110.4414 143.2138 475.0722 366.6408
2010_001828 0.9182 255.9340 113.9222 500.0000 339.0000
2010_001828 0.9022 32.9429 185.7905 495.1168 337.0681
2010_001828 0.6581 232.9030 201.7108 493.3012 337.8986
2010_001986 0.9140 237.9150 171.6376 275.5823 204.8850
2010_002128 0.9889 110.7874 141.9238 406.6819 361.9328
2010_002172 0.9974 0.0000 0.0000 435.1410 323.2999
2010_002172 0.9805 169.7186 4.9295 497.3723 315.0190
2010_002251 0.9987 0.0000 158.9845 368.7068 364.8419
2010_002271 0.9995 31.6885 18.8847 428.7764 360.6630
2010_002271 0.6710 46.5316 80.2395 357.6390 337.5454
2010_002408 0.9916 61.7569 62.5805 248.5591 446.8995
2010_002420 0.6413 61.5680 25.0122 475.6768 314.5720
2010_002629 0.9975 134.4964 139.0594 350.3063 264.8392
2010_002783 0.8275 0.0000 187.7465 500.0000 326.0000
2010_002991 0.9941 180.5276 314.5924 397.7564 483.4265
2010_003120 0.7233 0.3335 147.0819 20.0392 180.9168
2010_003200 0.9986 28.7119 52.6177 481.9449 300.6029
2010_003207 0.9961 25.2797 85.2024 225.6634 348.0853
2010_003303 0.9850 196.7987 116.1453 477.1862 322.2577
2010_003303 0.9849 49.7970 126.0594 262.1539 350.1894
2010_003314 0.9902 103.7755 219.9365 354.4712 354.0056
2010_003316 0.9777 95.4967 0.0000 499.0557 316.4795
2010_003316 0.9173 238.9442 20.7323 492.1293 300.3634
2010_003316 0.6681 0.0000 22.0984 348.8562 295.0120
2010_003605 0.9946 42.5210 19.3266 457.3070 333.0000
2010_003695 0.9967 0.0000 83.1041 500.0000 283.8408
2010_003695 0.6539 32.5669 54.8895 323.0946 287.0897
2010_003695 0.6149 165.6547 79.4896 487.7752 303.3939
2010_003745 0.9983 73.5613 100.3203 482.2559 309.4395
2010_003745 0.9502 71.1153 22.8235 178.6311 195.3557
2010_003745 0.7775 94.7588 36.4763 302.1900 215.6698
2010_003745 0.7564 48.4838 38.3036 447.9849 275.6138
2010_003947 0.9792 4.6599 47.4724 341.2003 294.1680
2010_004042 0.9961 70.3054 26.3567 296.2838 233.4702
2010_004143 0.9944 23.5788 0.0000 458.4671 365.2224
2010_004143 0.8382 171.6214 12.1673 467.0900 330.9138
2010_004179 0.7663 0.0000 1.2041 450.3545 336.7857
2010_004219 0.9978 32.7216 35.0786 455.2146 362.5819
2010_004219 0.8641 12.9695 27.3064 433.8516 250.8910
2010_004219 0.7966 12.4038 24.6788 284.4397 352.6672
2010_004219 0.7721 22.6902 19.6393 244.7634 138.3573
2010_004219 0.6976 16.8140 27.9435 253.9604 224.6337
2010_004219 0.6038 185.4908 33.0663 447.6946 291.9543
2010_004355 0.9971 111.9172 10.3386 453.6968 350.2467
2010_004422 0.9983 79.0499 34.2984 439.7354 288.8339
2010_004624 0.6924 0.0000 105.5221 62.3814 276.8750
2010_004697 0.9309 129.6971 217.6257 500.0000 333.5102
2010_004697 0.5103 134.6651 157.7029 475.1868 322.9901
2010_004854 0.9244 172.6275 73.3789 270.8658 133.7462
2010_004854 0.8840 169.6025 65.5215 318.8555 133.1177
2010_004894 0.9779 230.0241 11.3360 497.7183 350.0811
2010_004894 0.7291 148.5986 45.9027 463.1979 336.6610
2010_004941 0.9964 54.7576 113.6936 298.2913 474.7393
2010_004941 0.9200 16.9468 89.4699 316.6607 383.8374
2010_005000 0.9827 0.0000 160.0595 262.2574 494.6636
2010_005000 0.9692 0.0000 23.5588 298.0114 464.3673
2010_005000 0.8392 0.0000 188.8323 178.6169 482.4122
2010_005087 0.6829 73.9379 0.0000 479.1485 345.6151
2010_005136 0.9953 2.6358 22.4555 500.0000 325.7734
2010_005136 0.8748 121.8702 0.0000 480.2013 267.8958
2010_005136 0.8418 236.5339 2.9763 484.6460 155.5619
2010_005136 0.6626 302.6484 12.2261 500.0000 272.5777
2010_005136 0.6135 11.8525 26.8375 395.4210 259.5861
2010_005136 0.5159 337.6391 7.4181 500.0000 151.5001
2010_005136 0.5121 23.7833 123.4333 455.0429 331.8208
2010_005160 0.9955 318.4372 131.7115 488.0475 338.9874
2010_005160 0.9882 99.9985 149.6292 297.0252 331.2622
2010_005226 0.6777 381.4841 190.7960 437.0135 301.6794
2010_005252 0.8775 10.7078 149.7500 263.8042 274.2120
2010_005272 0.9994 74.3712 23.7357 491.3241 333.0000
2010_005272 0.9784 43.7600 25.2718 311.6050 327.2503
2010_005346 0.9913 55.9011 63.1674 372.4926 303.9091
2010_005366 0.9976 28.6779 80.1872 493.0701 346.1082
2010_005414 0.8337 94.8316 47.2565 442.7766 311.9410
2010_005433 0.9706 77.4693 52.7515 350.6598 358.5974
2010_005501 0.9903 99.5724 95.6264 359.0990 277.1813
2010_005501 0.7011 117.2657 51.0995 415.1964 286.4055
2010_005501 0.6352 296.0753 111.2944 361.4857 225.3901
2010_005572 0.9847 14.8948 25.8230 303.9655 481.1825
2010_005572 0.8589 40.5323 23.2763 301.3648 318.4320
2010_005572 0.6595 65.7898 142.5964 298.5928 484.0873
2010_005731 0.9998 30.8046 49.1982 466.2883 312.4389
2010_005804 0.5990 62.0519 4.2131 483.5806 302.9296
2010_005849 0.7988 7.1817 0.0000 263.0539 272.6195
2010_005849 0.5165 19.7028 0.0000 262.4318 495.9794
2010_005997 0.9743 196.3951 122.4391 285.6614 258.4782
2010_005997 0.9192 292.6237 118.4757 338.4207 166.4110
2010_005997 0.8347 388.5818 121.0745 500.0000 370.6305
2010_006032 0.9804 66.6195 7.1577 500.0000 334.0000
2010_006032 0.7558 237.2778 0.0000 497.8130 334.0000
2010_006032 0.6056 135.4958 73.0996 452.2278 333.3268
2010_006051 0.9950 77.0827 79.5466 454.7106 357.8148
2011_000034 0.9957 68.4091 4.0131 430.2683 324.0120
2011_000034 0.7615 139.3468 79.9972 456.4052 321.9728
2011_000060 0.9963 95.7352 53.3077 364.1391 333.7312
2011_000214 0.9695 231.7019 195.5949 316.9756 294.7145
2011_000214 0.9283 179.7035 178.0522 220.9285 228.4882
2011_000314 0.9083 51.3938 94.1131 460.9692 397.1559
2011_000314 0.6699 245.4146 167.3541 486.2450 369.7237
2011_000315 0.9290 0.0000 0.0000 375.0000 500.0000
2011_000332 0.8145 323.9976 111.2289 476.1187 251.3752
2011_000332 0.5987 97.6232 108.8907 457.2299 314.5039
2011_000455 0.9862 69.3827 159.7586 371.8286 330.2480
2011_000512 0.9991 77.2627 4.0547 446.0955 354.8970
2011_000512 0.7959 18.3706 1.2112 187.9412 314.6180
2011_000512 0.7376 8.2881 6.6190 133.3797 285.6111
2011_000618 0.9897 9.7306 92.1052 416.5388 351.6676
2011_000618 0.5276 11.7158 88.3190 182.1399 355.6823
2011_000690 0.5479 53.2770 32.9904 284.1648 500.0000
2011_000770 0.9386 55.2614 3.6558 308.0286 439.7242
2011_000927 0.9653 15.7723 134.2928 259.6845 256.2315
2011_001040 0.9981 101.2396 18.1933 473.9170 267.9700
2011_001040 0.9970 48.5765 5.4402 288.2734 273.9624
2011_001040 0.5176 29.6030 17.3025 377.9112 304.4684
2011_001203 0.9696 134.7729 131.6105 412.9772 271.3022
2011_001203 0.9523 116.4686 126.9907 245.4577 245.2017
2011_001203 0.8692 340.4450 123.1238 403.2256 186.1525
2011_001203 0.8506 182.7564 159.6319 434.4155 279.2900
2011_001203 0.6193 362.9428 130.7763 416.3816 184.7998
2011_001266 0.9972 30.9551 0.0000 477.7648 352.8295
2011_001266 0.7052 22.3574 17.3222 369.8492 287.6987
2011_001290 0.9972 50.6404 22.3715 365.9240 314.3802
2011_001311 0.9195 104.0304 82.5278 139.9552 137.2318
2011_001311 0.7709 471.9967 99.3802 500.0000 210.0186
2011_001508 0.9990 23.4369 59.2719 500.0000 348.7775
2011_001508 0.9080 42.1029 27.0106 346.6010 296.1151
2011_001508 0.8295 202.6356 102.9747 500.0000 363.4557
2011_001524 0.9957 33.4828 30.4489 278.9699 338.9112
2011_001529 0.6437 187.5600 164.4157 243.5554 257.1744
2011_001720 0.7101 240.6068 55.8015 480.4845 324.5990
2011_001876 0.9976 189.2813 106.8740 500.0000 329.7958
2011_001876 0.5920 249.3490 171.5557 498.1483 329.5718
2011_001876 0.5508 37.7216 53.7693 480.4572 322.0988
2011_001876 0.5227 213.1146 109.4365 449.3319 277.8423
2011_001966 0.8619 97.6361 198.3830 294.1226 456.2407
2011_001966 0.7204 102.5889 222.5500 238.6274 437.6533
2011_002093 0.9898 3.2957 52.1305 359.4980 500.0000
2011_002093 0.9752 9.8812 6.7075 362.9384 311.0630
2011_002093 0.7876 20.8906 225.9587 297.6134 494.5130
2011_002102 0.9967 0.0000 76.2827 278.9853 500.0000
2011_002102 0.9935 0.0000 32.6067 309.6841 336.5985
2011_002102 0.7288 1.5888 21.4567 223.0450 230.2303
2011_002102 0.5679 0.1939 3.9989 260.0247 167.8561
2011_002116 0.9916 181.6499 145.4263 377.4548 241.2041
2011_002223 0.6281 127.4406 116.6191 357.5692 270.5837
2011_002223 0.5026 57.4220 81.2639 429.2703 315.6312
2011_002322 0.8272 198.5322 137.6654 372.6989 361.3927
2011_002479 0.9991 15.1301 23.6579 478.4613 306.3861
2011_002479 0.8909 190.8719 22.8908 478.2364 273.4586
2011_002479 0.7507 0.0000 47.5678 55.2442 179.8054
2011_002479 0.7226 371.5697 13.3699 496.1997 167.5689
2011_002479 0.6356 0.8916 42.3646 111.8071 261.5677
2011_002479 0.6137 291.8354 18.3909 500.0000 271.5033
2011_002479 0.5606 398.6565 20.5940 475.1150 130.6302
2011_002491 0.8631 1.4733 0.0000 100.0671 51.8132
2011_002713 0.6034 29.8052 27.3575 464.2019 331.4064
2011_002760 0.9994 25.8914 75.5846 477.5855 408.4881
2011_002760 0.6554 31.1695 62.9041 315.3772 399.2794
2011_002786 0.9966 89.1679 37.1901 382.1353 306.6709
2011_002796 0.9747 39.8753 83.9395 473.6265 369.7413
2011_002796 0.8967 218.6951 105.9703 500.0000 375.0000
2011_002796 0.7217 2.6898 104.5321 175.3946 356.0190
2011_002796 0.7152 0.0000 108.5946 85.6298 328.8751
2011_002796 0.5048 84.6642 129.4217 389.9483 370.7352
2011_003013 0.9937 96.0894 98.8142 368.7314 271.7289
2011_003019 0.9837 187.0428 238.4201 383.0103 373.0504
2011_003027 0.9808 0.0000 11.1094 496.9727 367.0586
2011_003027 0.7959 49.4122 146.9155 495.4365 370.4651
