2008_000244 0.8426 3.8141 90.9460 66.7107 306.4527
2008_000244 0.6189 0.0000 191.7617 63.4390 295.2863
2008_000274 0.8132 96.2492 219.1315 128.8677 259.1637
2008_000274 0.7240 86.8105 153.7051 114.3417 240.4861
2008_000274 0.5518 0.0000 213.3922 29.3880 281.3845
2008_000391 0.9500 91.7785 230.2941 173.9952 323.3726
2008_000391 0.9445 9.3977 36.2553 188.7413 327.7599
2008_000391 0.9287 151.9005 145.8883 295.3565 306.2512
2008_000391 0.9287 330.8739 116.0569 440.5836 290.2889
2008_000391 0.9108 276.9077 190.3545 344.4966 296.9794
2008_000391 0.6741 288.2261 201.4290 332.3022 267.4526
2008_000391 0.6473 25.6919 36.1925 283.8052 325.3122
2008_000418 0.9312 445.8328 152.8431 496.3861 229.5464
2008_000564 0.9750 107.8339 263.7256 235.3025 366.2473
2008_000857 0.9696 273.7676 93.7537 351.8723 190.5856
2008_000878 0.5918 2.1908 4.3263 119.1371 196.2489
2008_000960 0.6056 233.9803 4.3368 332.2440 79.5889
2008_000976 0.6334 12.3357 128.4271 85.5039 229.4448
2008_001004 0.5461 0.0000 11.9449 64.1829 141.9248
2008_001078 0.8744 7.6278 0.0000 124.5879 159.4018
2008_001078 0.5190 25.7054 0.0000 168.3291 134.9595
2008_001155 0.8458 239.7492 128.3528 265.2780 153.9677
2008_001283 0.8279 111.3190 6.1747 241.5703 190.5268
2008_001283 0.5167 341.2522 0.0000 489.8710 260.9128
2008_001338 0.5339 209.4592 81.1108 238.5103 102.2356
2008_001451 0.9133 0.4294 185.6147 87.6477 334.2704
2008_001451 0.8760 396.7442 198.4855 463.5712 268.0300
2008_001470 0.6773 159.5136 181.8003 190.9677 202.8698
2008_001688 0.9138 42.9540 131.2552 92.2305 171.1205
2008_001717 0.7901 252.3224 294.8454 270.9530 313.7906
2008_001717 0.6176 229.5332 283.9820 246.9525 309.4564
2008_001784 0.7531 0.0408 155.9122 57.6940 278.0236
2008_001784 0.5037 427.1318 137.1402 500.0000 366.6302
2008_001862 0.7965 0.0000 131.2670 103.6565 302.0639
2008_001862 0.7096 209.4941 189.4367 355.8133 322.5697
2008_001862 0.5525 247.3624 185.5675 375.0000 384.7981
2008_001869 0.8623 300.0296 205.6083 350.6094 241.1194
2008_002021 0.8691 102.7354 155.8516 278.2744 326.1650
2008_002026 0.9195 0.8898 49.2778 132.3544 315.2365
2008_002026 0.8068 0.0000 286.3436 128.0468 372.4008
2008_002026 0.6195 366.4518 83.4744 452.7610 273.9302
2008_002071 0.7787 317.2853 93.0809 388.8710 154.3983
2008_002071 0.6413 145.5175 66.5222 295.0568 170.9876
2008_002071 0.5801 390.0370 49.3480 500.0000 217.4294
2008_002084 0.6007 460.8273 148.3262 493.3101 173.9045
2008_002086 0.7653 0.0000 314.7914 65.5768 372.6707
2008_002086 0.7534 212.3017 332.3273 260.2936 374.6449
2008_002086 0.5422 0.0000 261.6850 42.9931 371.0365
2008_002098 0.6723 279.1049 88.9435 322.4389 215.1162
2008_002098 0.6535 25.5846 115.3205 64.4315 152.5071
2008_002098 0.5722 35.7882 156.4135 53.8045 180.0365
2008_002191 0.9512 93.3898 255.9500 132.6930 298.1210
2008_002191 0.9407 283.0022 263.4077 342.9864 344.0497
2008_002191 0.9091 264.5523 267.6270 317.8336 337.9840
2008_002191 0.8580 324.5657 393.9387 375.0000 496.0080
2008_002191 0.6124 115.1436 175.3962 148.3037 258.5365
2008_002191 0.5142 117.7771 221.8439 138.4633 258.2264
2008_002379 0.8806 92.7317 70.3874 298.5671 434.9219
2008_002502 0.5670 178.5615 56.4813 243.5673 132.8677
2008_002653 0.8280 187.6302 96.8226 350.8211 305.7973
2008_002653 0.8141 136.6460 54.7446 363.0152 360.0547
2008_002678 0.7456 428.9846 165.3792 466.7382 224.4494
2008_002876 0.8408 73.1645 332.0941 103.5489 357.6270
2008_002882 0.5331 0.0000 262.2113 65.1212 383.4292
2008_002897 0.9513 99.8190 281.3413 144.9593 333.8193
2008_003003 0.8923 34.2038 131.2146 72.7673 166.7134
2008_003135 0.9077 284.7091 315.3735 335.0000 457.5777
2008_003135 0.7251 0.6848 268.4686 56.5919 417.1365
2008_003320 0.9162 424.3276 161.2625 500.0000 271.9432
2008_003351 0.7687 0.0000 97.9794 44.7635 159.1645
2008_003384 0.5502 0.0000 31.6507 94.3159 325.8174
2008_003466 0.9341 438.6326 38.6947 500.0000 269.0492
2008_003466 0.6838 392.4086 53.7723 484.4722 259.7654
2008_003472 0.6281 2.4742 150.1101 100.6992 236.9044
2008_003477 0.8444 269.0788 14.1623 350.6884 212.7001
2008_003547 0.7140 125.1780 0.2151 323.0548 94.2762
2008_003636 0.5154 6.8548 5.7909 318.7522 298.6375
2008_003676 0.9558 384.8247 149.3103 472.4165 280.9474
2008_003676 0.8674 45.3634 283.6577 81.0761 320.9204
2008_003676 0.8490 278.5205 38.5488 382.4635 117.9677
2008_003676 0.6404 47.1676 286.0779 112.8242 363.0363
2008_003676 0.5496 350.8001 197.9314 478.2146 362.8151
2008_003676 0.5397 331.2837 77.5054 494.3168 342.5234
2008_003754 0.7557 297.1223 12.6183 453.3323 282.7623
2008_003768 0.9100 392.5767 187.8018 500.0000 293.3576
2008_003838 0.9317 6.5173 0.6659 115.2871 170.7147
2008_003969 0.6505 338.9649 0.0000 498.7030 238.9776
2008_004002 0.9071 310.1584 187.8882 495.9704 342.4676
2008_004002 0.8767 312.1315 80.2656 500.0000 369.7885
2008_004003 0.9347 147.6895 174.0876 214.2128 254.6622
2008_004003 0.8408 134.5280 111.5085 152.7885 136.6654
2008_004003 0.7852 19.2046 122.1865 137.3405 327.2397
2008_004003 0.7618 155.9728 111.0034 175.1608 135.1605
2008_004344 0.5836 306.7126 61.9677 397.3802 170.6554
2008_004445 0.9632 247.2401 196.6261 271.0793 233.4487
2008_004445 0.6284 325.1236 88.8900 494.7283 322.4049
2008_004477 0.7704 101.6516 265.4732 172.5351 443.6635
2008_004477 0.6168 47.6078 98.1809 206.4626 468.1670
2008_004497 0.6130 22.0067 83.9635 67.3012 109.3120
2008_004502 0.5761 158.9860 79.2457 212.8747 134.1373
2008_004615 0.9219 445.2339 0.0000 500.0000 100.1550
2008_004619 0.9651 38.2667 217.5852 83.3994 278.9461
2008_004619 0.8942 81.4001 194.3079 144.7235 280.0731
2008_004653 0.5495 206.2337 1.1332 273.4359 49.6872
2008_004745 0.5900 266.2425 15.2156 468.2874 195.1950
2008_004756 0.9016 0.0000 85.3953 81.1414 315.0641
2008_004756 0.8279 247.7462 204.6345 297.9893 300.5691
2008_004756 0.6721 413.7398 136.8768 466.2878 282.9323
2008_004756 0.6486 412.2181 124.8444 489.8089 306.4114
2008_005001 0.9708 54.8323 250.2264 99.7265 293.4119
2008_005001 0.9374 80.8942 144.2446 113.2161 175.6923
2008_005001 0.8423 329.2240 142.5447 359.2620 185.1419
2008_005001 0.7726 61.2544 247.4441 123.2818 289.9271
2008_005001 0.7512 91.9401 251.8720 134.2885 287.5786
2008_005008 0.8247 104.0392 2.3021 242.0992 99.0426
2008_005070 0.5356 122.2523 0.0000 377.4208 281.8870
2008_005098 0.9291 0.5674 89.7045 46.0407 140.6333
2008_005111 0.9156 77.3669 127.4249 107.8455 199.7683
2008_005217 0.9460 6.9329 0.0000 168.0735 333.9947
2008_005217 0.9141 0.0000 0.0000 318.0114 328.7163
2008_005217 0.7358 14.0755 58.8548 243.3053 328.5524
2008_005217 0.7256 9.0219 127.5140 159.2852 326.1023
2008_005217 0.7179 34.7777 107.9217 309.8820 333.0909
2008_005217 0.6853 76.4441 3.3629 414.0602 301.4501
2008_005242 0.9496 2.9104 167.3983 250.1882 490.3889
2008_005242 0.8675 109.3240 7.9342 232.4203 119.4050
2008_005393 0.7312 206.2094 36.8815 315.5083 96.3051
2008_005417 0.9443 318.4061 205.4478 481.6036 374.1474
2008_005501 0.5582 372.6976 308.2381 488.2832 421.3747
2008_005511 0.9145 156.9675 171.8661 306.7298 340.1508
2008_005511 0.6740 69.6639 41.4075 295.1112 377.0667
2008_005511 0.5753 70.4066 63.1673 200.1764 244.4134
2008_005566 0.7028 409.5390 144.3909 498.4109 323.6942
2008_005627 0.7554 215.0865 2.1777 288.2635 40.8620
2008_005652 0.5902 410.8051 1.6000 497.1311 87.1940
2008_005680 0.9654 136.3871 153.1652 239.0199 314.4026
2008_005680 0.7600 387.6673 17.1066 442.0324 89.7884
2008_005680 0.5755 24.6900 165.0863 220.3061 318.0000
2008_005702 0.7775 42.0604 130.7701 68.5484 148.1696
2008_005798 0.7253 214.6673 13.8580 500.0000 370.8408
2008_005847 0.9147 24.2715 20.2830 242.6527 375.0000
2008_005847 0.6427 76.3807 9.1809 494.4648 367.9922
2008_005962 0.8627 0.0000 248.9923 54.1813 373.9088
2008_006068 0.9337 319.7139 55.8022 476.1380 229.5511
2008_006112 0.9215 73.4068 23.7309 450.1837 362.8253
2008_006112 0.8094 88.9368 73.7674 310.3258 360.9464
2008_006112 0.7778 79.4527 190.1257 230.4052 366.8784
2008_006190 0.6174 262.2759 31.9788 300.0000 78.5773
2008_006203 0.9543 0.0000 1.3492 77.7428 202.9935
2008_006207 0.8397 128.3400 159.9967 282.3661 406.2065
2008_006207 0.7053 15.8434 100.9469 275.7307 364.0044
2008_006262 0.9052 25.0678 49.1998 322.4681 443.6590
2008_006262 0.8127 70.6133 190.8371 357.1118 458.1700
2008_006262 0.6479 131.5853 110.0099 349.0840 473.6935
2008_006262 0.5049 190.0092 203.5186 365.9762 476.8074
2008_006288 0.8698 317.1107 222.1824 491.0611 373.6246
2008_006288 0.8510 301.0194 121.0380 496.6143 375.0000
2008_006330 0.9286 67.3186 195.2409 136.3052 290.1925
2008_006337 0.6911 56.5589 170.4429 163.9829 348.5491
2008_006337 0.6788 439.7824 315.9271 496.4631 371.7710
2008_006337 0.5641 338.3250 113.0307 361.4663 146.8739
2008_006347 0.5324 12.5761 0.0000 371.4306 375.0000
2008_006441 0.6323 155.7048 44.2798 238.3384 111.5688
2008_006524 0.7874 0.0000 20.1940 131.9522 291.7069
2008_006524 0.6521 15.2611 54.6818 206.6284 237.3409
2008_006534 0.8604 27.5100 84.5842 298.0531 360.8826
2008_006534 0.8574 384.3673 173.5081 500.0000 318.5381
2008_006534 0.6765 7.4674 177.6013 286.3247 356.1872
2008_006600 0.6046 324.7685 160.7036 345.2422 193.2303
2008_006611 0.8241 36.7268 96.4685 108.9957 140.1033
2008_006701 0.8426 272.0874 148.4060 325.1386 222.8715
2008_006816 0.6639 160.7408 12.9499 442.1343 183.3932
2008_006828 0.9368 23.6001 29.2289 277.8983 438.8990
2008_006828 0.9274 0.0000 171.9229 184.0870 374.4501
2008_006828 0.9079 9.5166 106.9420 235.8213 386.3654
2008_006828 0.7255 241.8502 73.6854 373.9708 441.9655
2008_006828 0.5115 134.2334 26.1779 361.7691 475.7177
2008_006841 0.8470 296.4467 65.9802 344.3324 170.7691
2008_007042 0.6685 30.3945 20.4297 289.3526 389.5797
2008_007108 0.9461 27.8035 145.0584 105.9932 233.0726
2008_007108 0.8853 400.5580 160.8030 451.0821 231.2376
2008_007108 0.8795 343.2939 113.6514 409.4083 192.5170
2008_007108 0.8228 165.8626 66.7785 233.7774 147.1118
2008_007108 0.7173 293.2690 87.5700 350.4567 165.5114
2008_007108 0.5619 250.2615 74.9059 300.5738 128.7134
2008_007190 0.5984 223.7171 178.7610 256.3152 213.9346
2008_007390 0.9064 82.6089 194.2120 123.4704 242.2492
2008_007390 0.8904 407.9955 193.9914 486.1334 231.7893
2008_007390 0.5651 412.7201 111.1577 443.6786 148.3804
2008_007415 0.8823 3.5231 148.7761 118.8714 341.5873
2008_007431 0.8470 425.9547 167.0932 479.9949 229.8761
2008_007461 0.9258 17.2227 3.1504 121.2169 67.4276
2008_007461 0.7651 7.3022 1.5272 130.8380 119.3143
2008_007538 0.8590 338.6666 12.0251 473.7376 195.0450
2008_007579 0.6103 3.3129 149.8195 67.0055 237.1239
2008_007583 0.5722 314.0560 0.0000 494.1489 316.0000
2008_007585 0.7642 1.7484 59.6862 70.8037 298.4996
2008_007617 0.8437 146.8487 101.5737 243.0601 209.2287
2008_007798 0.7412 268.5315 94.6529 315.8934 209.4552
2008_007831 0.9835 305.9823 133.5979 344.1063 169.8837
2008_007831 0.9806 0.0000 104.4166 53.8487 183.4536
2008_007831 0.9660 374.4145 120.4136 424.3398 166.8926
2008_007831 0.9651 173.9263 121.0088 230.2462 174.1321
2008_007831 0.9638 223.1109 108.4082 296.5250 166.1250
2008_007831 0.9531 50.5292 133.8097 97.4626 180.5095
2008_007831 0.9515 421.5381 114.7715 466.1826 165.2792
2008_007831 0.9502 385.6719 264.0232 441.1808 329.3006
2008_007831 0.9168 236.9140 310.8008 280.6544 373.7551
2008_007831 0.8962 458.0212 227.6465 500.0000 319.2546
2008_007831 0.8676 118.7110 136.7778 252.7180 371.1669
2008_007831 0.8082 358.3615 302.4238 394.6379 345.3337
2008_007831 0.7103 273.4376 275.3086 322.9311 330.4518
2008_007831 0.5832 464.8715 126.6657 498.6237 166.0531
2008_007831 0.5745 38.1978 108.8455 304.7416 359.9169
2008_008024 0.9050 152.3193 22.2129 465.4067 313.0029
2008_008024 0.8754 48.4226 77.6708 244.7166 307.2478
2008_008024 0.7133 225.2151 93.2970 422.8452 291.6148
2008_008024 0.6243 8.7089 44.7563 377.8693 327.9737
2008_008096 0.7949 294.1348 275.5997 352.7348 328.3796
2008_008096 0.5587 256.9770 43.7692 274.9424 66.1617
2008_008208 0.9389 28.2498 203.6168 107.4613 255.2945
2008_008208 0.9278 271.1773 213.3519 334.5970 252.2470
2008_008235 0.7960 96.2267 237.4169 313.0097 369.9915
2008_008310 0.9012 12.3328 0.0000 185.5265 334.8680
2008_008310 0.6880 1.3048 237.8129 29.8985 326.9468
2008_008310 0.5835 9.1968 225.4310 99.6979 341.2820
2008_008331 0.8070 44.2334 0.0000 200.6062 232.3863
2008_008331 0.7315 86.1912 0.0000 344.9087 200.9232
2008_008331 0.5085 311.8526 4.2765 490.7137 224.0738
2008_008335 0.8891 0.0000 53.1520 83.0109 169.7643
2008_008341 0.9526 29.3690 29.5229 306.2836 466.1487
2008_008341 0.9483 53.9671 218.8208 172.8577 326.8108
2008_008341 0.5723 53.7412 219.9567 129.3755 316.7059
2008_008434 0.9466 5.0222 82.8361 333.0000 500.0000
2008_008434 0.7677 68.1219 51.9317 333.0000 401.6918
2008_008474 0.7389 128.9794 172.1757 201.8006 248.6113
2008_008531 0.9312 76.6730 73.0387 185.9671 240.5847
2008_008554 0.6942 161.1641 41.8021 184.5139 69.8171
2008_008621 0.5498 75.4930 212.2747 159.1429 317.4869
2008_008772 0.8203 0.1488 10.5959 52.7587 100.1573
2009_000198 0.9286 403.1322 112.1558 500.0000 310.5273
2009_000198 0.7370 331.4699 172.1257 429.6917 273.1366
2009_000214 0.9339 258.7654 145.7780 288.3637 194.6251
2009_000297 0.6646 237.4147 12.4344 499.3088 326.9930
2009_000297 0.5197 18.8439 30.7265 438.6082 294.5871
2009_000422 0.7869 50.4911 206.1351 99.0156 237.4577
2009_000488 0.9373 359.8542 111.7129 500.0000 305.3940
2009_000526 0.9364 39.8970 72.8441 329.3936 490.1986
2009_000526 0.8383 53.7688 0.0000 326.4196 250.2719
2009_000590 0.6394 143.6002 144.1267 233.7359 308.0779
2009_000624 0.8298 308.7564 118.3800 500.0000 356.9840
2009_000624 0.6893 261.6373 27.5069 460.7722 359.9064
2009_000726 0.7539 0.0871 51.8521 72.3825 133.3261
2009_000760 0.8600 325.6527 85.4731 393.4975 218.7725
2009_000760 0.8535 0.0000 253.5618 66.3545 368.9146
2009_000898 0.5648 234.4306 336.8544 329.6320 416.1100
2009_000928 0.7024 57.6742 290.0342 111.6013 356.7780
2009_000928 0.6034 222.2709 281.3534 296.5235 371.6595
2009_001000 0.6580 45.6627 62.4097 75.5871 82.9458
2009_001249 0.5030 146.8908 133.9449 221.3649 231.3822
2009_001350 0.6805 0.0000 369.5381 141.3738 492.5983
2009_001417 0.9724 2.7498 31.8874 392.2057 281.0000
2009_001417 0.9565 6.4128 64.3309 233.3417 280.6919
2009_001417 0.9519 352.9373 89.5261 493.0456 276.8053
2009_001417 0.9346 227.3496 17.1576 500.0000 281.0000
2009_001417 0.8687 319.6056 36.8474 500.0000 271.7459
2009_001417 0.8096 267.3231 105.9616 476.9445 270.5387
2009_001417 0.7834 197.5859 76.5795 458.1261 270.0129
2009_001417 0.7235 15.4347 100.0168 336.7390 274.1749
2009_001417 0.6133 96.7856 132.1086 433.0034 274.1809
2009_001437 0.9277 3.7126 158.9959 55.3762 198.3423
2009_001440 0.6197 0.2356 7.3962 66.7189 142.9631
2009_001447 0.5016 69.7970 150.9299 91.7144 201.3297
2009_001621 0.8815 198.0316 73.5902 238.7325 111.5656
2009_001621 0.8600 308.4692 3.1974 390.0630 82.7446
2009_001644 0.9133 456.9730 112.4536 499.9236 219.3476
2009_001644 0.7687 2.3043 84.2601 94.2111 200.0619
2009_001684 0.8062 282.2386 84.2025 438.9545 250.2497
2009_001684 0.6558 206.1989 73.8051 445.5465 271.2729
2009_001775 0.6353 154.3135 81.2705 257.2958 242.6017
2009_001775 0.5007 173.2073 111.2595 253.1944 227.1826
2009_001864 0.8369 1.9273 79.1916 59.5679 330.4466
2009_001864 0.6057 0.4628 188.1806 54.1980 320.4377
2009_002055 0.8131 186.7312 179.6957 240.8518 256.0058
2009_002325 0.8494 330.7479 6.4279 430.7003 237.0840
2009_002444 0.7333 274.2579 167.3149 375.0000 355.3158
2009_002487 0.9151 0.0000 0.0000 95.9523 306.5180
2009_002546 0.9151 303.5160 250.6349 383.9132 335.1109
2009_002571 0.8261 122.9520 7.3591 257.7251 158.9853
2009_002584 0.8744 66.0059 112.3894 263.1054 308.1526
2009_002584 0.6896 73.1667 49.1170 286.2596 343.5946
2009_002584 0.6154 116.3578 29.0827 235.2480 97.7613
2009_002670 0.9105 100.0712 352.4582 177.8397 423.2088
2009_002698 0.8486 1.4314 179.7917 32.9580 347.7976
2009_002698 0.8044 24.4755 251.6273 67.6488 339.0390
2009_002755 0.6256 4.1958 16.6301 134.9816 298.9023
2009_002928 0.5390 119.3419 2.9820 279.7190 112.8836
2009_003198 0.5493 202.0852 192.5472 224.2247 233.6011
2009_003238 0.8368 470.4714 66.3037 499.1763 95.4415
2009_003251 0.7479 257.1160 65.3589 361.0497 145.1465
2009_003288 0.9685 295.7734 284.3167 375.0000 411.3675
2009_003288 0.5545 324.1460 309.5445 375.0000 421.1151
2009_003294 0.8808 1.2131 161.2121 43.0529 240.7748
2009_003301 0.7467 0.0000 2.3162 70.4341 183.2238
2009_003301 0.6162 0.0000 0.0000 71.4416 105.5557
2009_003312 0.6788 218.8364 1.4940 491.4825 178.3680
2009_003312 0.6497 183.6532 0.0000 490.7633 288.7194
2009_003312 0.6422 270.0649 0.9966 485.0679 133.8182
2009_003351 0.9445 416.0336 323.1659 481.2325 370.5781
2009_003351 0.9344 155.6252 327.2272 232.2467 371.0029
2009_003351 0.8459 146.2716 298.8890 230.2349 372.4975
2009_003440 0.8935 131.9252 149.4141 183.8569 210.4761
2009_003440 0.8740 335.6907 146.5924 438.6181 297.9442
2009_003440 0.8567 98.2137 228.8043 142.6996 278.1882
2009_003440 0.7823 210.4831 182.1929 241.5666 222.7325
2009_003440 0.6476 338.8147 145.6912 403.0132 307.2064
2009_003476 0.9233 346.6760 235.9922 406.2952 338.1825
2009_003476 0.8193 229.0645 237.9663 283.6096 306.5620
2009_003476 0.7573 129.9145 186.6524 251.2517 312.8449
2009_003476 0.7507 143.7626 192.7202 222.5071 262.2629
2009_003476 0.6325 198.8870 241.4054 252.1561 341.7553
2009_003476 0.6139 147.7383 192.1747 294.3165 308.9287
2009_003476 0.6050 285.0897 271.9786 327.0981 321.2553
2009_003476 0.5711 233.9444 265.0225 280.9041 308.0884
2009_003476 0.5484 228.5715 184.0697 384.4837 328.7653
2009_003507 0.9017 213.0611 253.0925 245.4612 288.4467
2009_003507 0.8339 221.9433 195.9626 318.9341 301.2473
2009_003507 0.8337 230.5038 191.2418 312.7411 255.6037
2009_003507 0.7662 224.8289 257.0830 245.6245 288.5976
2009_003671 0.5174 419.7962 69.8064 442.0653 94.5889
2009_003679 0.9414 0.0000 120.2961 354.2903 468.5719
2009_003679 0.7988 10.6811 44.2932 250.0518 500.0000
2009_003759 0.6230 167.9742 154.5790 213.2871 201.1901
2009_003836 0.8795 321.9563 158.3768 371.5709 241.7205
2009_003836 0.5204 317.5184 114.2380 371.8257 287.8335
2009_003929 0.7051 5.8899 0.0000 334.0000 486.5562
2009_004050 0.7028 459.2759 252.7890 497.9890 288.9292
2009_004093 0.7837 372.8740 10.1641 500.0000 198.9969
2009_004124 0.8080 95.8762 59.4804 204.4416 199.5897
2009_004140 0.7980 137.4431 158.7055 224.2444 246.6397
2009_004140 0.7806 347.6595 48.7201 409.7472 123.7538
2009_004263 0.9463 157.1759 59.2907 294.3910 321.4796
2009_004404 0.9180 56.6343 101.3396 262.9276 453.1444
2009_004404 0.7923 90.9003 273.7526 172.7977 377.7638
2009_004532 0.7596 227.1372 5.3788 356.9590 230.6375
2009_004532 0.7578 13.2633 1.2054 111.7104 103.2182
2009_004532 0.6528 110.4294 144.7546 268.8394 335.3001
2009_004537 0.9708 230.5153 210.6716 383.7617 314.2406
2009_004645 0.8703 201.7415 121.9971 238.5415 152.9975
2009_004645 0.7182 221.6856 43.6486 309.5553 144.6430
2009_004645 0.5948 278.5468 95.3146 314.7748 132.4610
2009_004645 0.5945 291.3346 52.2367 357.2733 129.6327
2009_004687 0.5879 159.0709 27.8994 251.7954 224.6262
2009_004720 0.5738 220.4804 78.1191 300.7060 161.2852
2009_004769 0.8174 222.2124 292.9628 290.3329 371.6577
2009_004865 0.5068 233.9563 119.4169 261.7650 183.9572
2009_004869 0.5209 214.7589 153.4203 282.4876 283.8664
2009_004885 0.9245 291.8355 172.1616 436.3061 338.1765
2009_004885 0.9011 144.3767 140.2126 296.9494 320.2361
2009_004885 0.8111 30.3420 139.7887 171.3740 300.8318
2009_004885 0.7605 2.7951 133.4118 47.1541 266.9149
2009_004885 0.7476 251.8518 30.0778 449.0627 332.8500
2009_004885 0.6060 5.3839 126.8352 32.4397 169.6686
2009_004885 0.5726 143.6454 54.1283 412.3140 325.4693
2009_004885 0.5724 79.1043 34.8518 299.1826 315.4967
2009_004885 0.5001 18.9291 77.9116 229.3269 299.5699
2009_004974 0.6276 0.8664 0.0000 18.5733 32.0251
2009_005008 0.7332 11.9956 0.0000 233.8891 284.0581
2009_005008 0.6749 6.5633 0.0000 478.2952 363.4041
2009_005008 0.5857 181.8943 11.3367 469.9647 375.0000
2009_005064 0.5900 81.0313 0.0000 137.0199 47.1277
2009_005165 0.8362 204.2984 35.0998 320.3126 149.3380
2009_005286 0.9609 365.7459 176.0066 429.8174 233.7751
2009_005286 0.9522 386.0414 99.1540 485.4861 230.9004
2009_005286 0.8898 268.6675 108.4105 332.3583 178.4465
2009_005286 0.8552 243.1943 150.1648 288.9645 196.9840
2009_005286 0.8507 243.4606 163.1096 268.0198 196.1979
2009_005286 0.6450 333.9260 91.1917 496.8835 253.9810
2009_005286 0.5447 231.6728 101.0113 335.8088 197.4088
2009_005310 0.9585 370.8803 132.2214 472.5013 245.0954
2009_005310 0.8880 53.4401 81.3534 207.0424 262.4608
2009_005310 0.7967 381.4828 238.5652 460.7994 354.1915
2009_005310 0.7842 302.7458 218.0962 337.1015 251.7467
2009_005310 0.6985 177.9717 142.5222 238.6582 237.0798
2009_005310 0.6448 321.0108 197.6156 360.6986 247.7373
2009_005310 0.6401 129.0138 140.1965 230.6692 229.8320
2009_005310 0.6322 31.1597 47.4377 243.0039 335.9515
2009_005310 0.6279 321.0566 329.6135 392.9657 382.2019
2009_005310 0.5267 235.2060 198.4362 278.3714 245.7804
2010_000015 0.9006 202.7489 232.5807 311.9660 345.3553
2010_000015 0.7578 75.8492 29.5786 245.2265 187.6357
2010_000015 0.5133 2.0140 47.3280 102.4135 145.8030
2010_000027 0.8120 307.2017 143.2613 374.5274 242.2028
2010_000178 0.7516 1.9739 260.6248 91.6785 370.6923
2010_000284 0.7850 46.8253 48.7918 76.0242 95.8930
2010_000325 0.7899 245.5218 90.4051 316.6519 192.3926
2010_000325 0.6897 133.7193 118.3208 375.0000 457.2340
2010_000325 0.5551 340.1709 0.0000 375.0000 71.7332
2010_000330 0.9786 41.7028 20.5114 283.2132 354.6920
2010_000330 0.6881 3.6625 39.7697 157.1284 332.6904
2010_000330 0.5615 3.9898 15.1035 253.0819 273.7726
2010_000431 0.8232 260.9016 14.1718 298.8417 58.4940
2010_000470 0.9627 0.0000 83.8412 143.6925 273.0698
2010_000470 0.9566 432.4314 189.2864 499.2278 256.0489
2010_000470 0.9500 367.5760 157.4001 443.7469 258.5261
2010_000639 0.9577 221.0993 66.2190 428.8351 353.4339
2010_000639 0.7894 250.7513 83.0718 404.3681 289.8635
2010_000669 0.9374 309.0317 68.3923 384.2417 188.6118
2010_000669 0.6718 279.6764 233.1881 307.8680 255.2898
2010_000737 0.7923 21.5553 87.8929 229.6820 376.5816
2010_000737 0.5410 45.3703 166.4911 222.1382 391.8672
2010_000876 0.8016 145.1805 36.1168 495.3498 357.2283
2010_000876 0.6535 0.0000 30.3410 430.3233 354.6383
2010_000968 0.9085 2.5659 102.7803 47.2646 152.3049
2010_000968 0.8511 66.6698 112.8754 104.3252 146.7503
2010_000968 0.7784 456.5283 83.5661 491.2341 138.3424
2010_000968 0.5700 71.3041 114.1647 109.7197 156.2104
2010_000973 0.8752 417.6049 92.2196 497.4839 360.7924
2010_001219 0.5245 4.6468 15.3454 105.6052 315.1077
2010_001246 0.9673 176.4479 169.1545 240.4518 228.4442
2010_001246 0.9280 281.2665 161.8571 318.0904 220.4066
2010_001246 0.5220 184.9350 165.2823 227.4583 192.0511
2010_001486 0.7261 167.9921 76.2580 486.4363 348.0468
2010_001528 0.5002 434.1646 199.1444 500.0000 292.7752
2010_001544 0.8260 2.1280 0.0000 123.7136 418.3403
2010_001544 0.6282 242.6411 112.1207 295.8300 173.1973
2010_001637 0.6484 0.0000 146.8225 151.9527 453.0000
2010_001637 0.5307 0.0000 18.0209 259.5266 444.7747
2010_001699 0.6944 198.9118 37.0659 292.9655 120.3966
2010_001699 0.6267 350.0894 52.3171 402.5349 161.7480
2010_001717 0.9626 38.0738 38.1466 311.7238 297.3304
2010_001773 0.9691 139.9658 84.3731 306.1867 257.1541
2010_001773 0.9631 301.5575 13.3437 420.2300 179.0523
2010_001773 0.6457 29.3112 38.6702 285.6120 315.5315
2010_001773 0.5548 19.3269 61.6636 138.7903 283.6228
2010_001787 0.8420 225.5817 137.0943 376.7625 462.4225
2010_001851 0.9510 393.5878 105.6691 467.8067 174.3199
2010_001851 0.8485 227.2582 143.3473 286.0479 222.7943
2010_001851 0.6907 180.6375 195.4907 205.4546 226.1888
2010_001891 0.7281 21.5952 8.1858 90.8926 77.7855
2010_001891 0.5104 11.9891 40.5140 48.3375 81.3492
2010_002137 0.8590 123.0538 3.4687 375.0000 308.6833
2010_002146 0.8695 5.2235 98.6106 123.2118 336.1927
2010_002146 0.5473 10.4725 116.9478 204.6791 432.8993
2010_002195 0.9276 114.4653 264.9761 236.0412 436.2773
2010_002510 0.9087 0.0000 26.0587 51.9500 114.8182
2010_002536 0.7588 413.6160 38.0133 475.9274 112.7218
2010_002605 0.9213 287.7354 89.7371 365.2685 194.1509
2010_002661 0.9210 14.5296 29.7010 375.0000 476.8281
2010_002661 0.6514 44.6728 18.1651 330.4556 368.5281
2010_002661 0.6181 52.1620 146.5642 367.9384 450.5529
2010_002666 0.8562 46.3199 20.3455 455.0295 375.0000
2010_002666 0.6537 35.2330 180.9172 443.2912 375.0000
2010_002666 0.6388 172.1552 29.1740 478.1600 351.6813
2010_002666 0.6224 17.8485 111.1191 360.3395 375.0000
2010_002676 0.8414 368.2900 49.2996 425.7736 132.4398
2010_002721 0.6443 258.2010 24.5721 325.8345 140.1325
2010_002963 0.5528 87.4328 5.6429 455.6863 305.2933
2010_003302 0.9814 370.1710 173.2595 495.7439 374.7605
2010_003390 0.5974 48.3131 86.6231 473.3363 477.2162
2010_003503 0.5417 371.5915 20.1255 500.0000 292.9723
2010_003531 0.9351 222.7929 157.5454 351.0140 283.9311
2010_003531 0.5535 391.8050 51.0799 424.3025 77.0896
2010_003597 0.6587 0.0000 59.5453 79.6568 171.6321
2010_003597 0.5647 0.0000 19.4205 60.6507 176.6121
2010_003667 0.9496 146.0165 18.0972 267.7467 187.3412
2010_003728 0.8602 286.9182 211.0436 430.0062 313.3888
2010_003728 0.6216 154.0087 131.0035 199.6460 176.1673
2010_003781 0.9272 344.2224 1.3727 456.6708 149.3583
2010_003781 0.8300 205.5359 10.4603 286.7522 112.4177
2010_004088 0.8281 73.6532 15.2698 105.7865 52.0822
2010_004088 0.5927 70.9016 7.1485 112.8574 57.0707
2010_004173 0.7838 203.3983 95.3214 333.0000 303.8214
2010_004224 0.9274 0.0000 9.2250 167.6814 355.8350
2010_004229 0.7498 250.1941 33.6530 280.6921 66.9308
2010_004345 0.8088 111.9144 248.6069 152.5208 296.9021
2010_004382 0.8515 75.6299 8.7935 421.1952 348.6777
2010_004543 0.7858 136.8671 216.6782 177.1928 261.0863
2010_004686 0.9644 77.8630 341.6541 132.8666 431.8651
2010_004757 0.8909 114.7140 28.9749 391.1771 339.3593
2010_004825 0.7991 162.0016 154.6314 300.9406 305.1028
2010_004825 0.7361 65.4537 143.4444 110.6106 231.8042
2010_004825 0.7343 170.7640 174.2700 273.2911 273.2879
2010_004908 0.9235 104.0939 0.0000 256.8969 229.7297
2010_004908 0.9143 229.6820 0.0000 402.1270 249.7444
2010_004908 0.6162 113.5462 0.0000 247.4944 148.2220
2010_004908 0.5189 120.4000 100.5845 249.1814 234.4315
2010_005158 0.9146 419.7437 127.3909 500.0000 348.8490
2010_005164 0.9568 457.7437 200.5998 497.3586 264.8915
2010_005180 0.7744 453.8819 47.7648 498.7841 132.6109
2010_005187 0.9299 15.4761 91.0452 127.9320 213.7038
2010_005187 0.7939 361.1122 62.8435 490.0595 211.1822
2010_005187 0.7142 126.6669 88.6648 244.9573 208.0941
2010_005187 0.6728 255.5659 73.4693 367.4031 214.1498
2010_005239 0.8166 261.9362 232.5462 373.4430 475.8091
2010_005239 0.7380 29.3255 0.0000 354.1714 329.8389
2010_005239 0.6944 173.2817 18.6271 369.2659 288.9565
2010_005372 0.6817 61.6472 157.8068 140.6615 213.3322
2010_005398 0.7027 111.1804 151.8056 144.7737 182.0871
2010_005455 0.8774 87.2262 277.6212 208.0135 375.0000
2010_005455 0.7858 162.8229 207.3689 329.5299 375.0000
2010_005455 0.5723 243.9098 43.3653 464.8214 353.0032
2010_005455 0.5552 55.4716 97.7776 344.3642 373.9861
2010_005455 0.5530 93.7201 176.6186 430.0570 370.7780
2010_005676 0.8568 411.6983 287.8698 493.3299 369.2937
2010_005843 0.9438 0.0000 319.1048 54.5551 454.1742
2010_005853 0.7934 289.6172 289.1225 333.9391 376.3070
2010_005860 0.9127 9.7019 149.0613 122.3553 275.6594
2010_005901 0.6919 6.1205 83.0587 110.3244 297.1578
2011_000010 0.8568 233.8958 85.7252 263.8430 164.3822
2011_000010 0.7800 289.5119 109.8420 355.3857 159.1938
2011_000226 0.7194 111.6982 201.9990 210.2669 315.2752
2011_000253 0.6952 134.8243 218.0001 185.6425 266.3451
2011_000514 0.9198 0.0000 30.6671 243.5002 448.2237
2011_000530 0.8061 3.3995 161.7212 54.7878 261.2801
2011_000598 0.7903 192.6512 211.9431 234.1731 280.1235
2011_000598 0.7204 54.3555 318.9786 153.2950 486.8924
2011_000630 0.9240 0.0000 106.5524 40.4973 162.5920
2011_000743 0.9027 5.8567 432.9270 109.7784 498.1756
2011_000743 0.8087 28.2604 92.6827 272.2384 500.0000
2011_000747 0.9694 301.7287 442.8526 346.7646 490.6400
2011_000747 0.9607 302.9905 191.3545 365.8705 257.8748
2011_000747 0.9139 261.6092 440.9724 309.8367 496.1652
2011_000747 0.8834 346.6223 413.6736 375.0000 478.6966
2011_000747 0.6371 321.9792 304.3762 375.0000 397.0679
2011_000919 0.8517 195.3876 112.9151 316.9462 243.2598
2011_000919 0.6509 332.9290 7.0834 439.3580 56.4407
2011_001025 0.7181 84.4310 266.8815 112.6434 319.4898
2011_001111 0.8385 246.6192 183.2371 343.9575 260.7929
2011_001167 0.9329 317.5497 237.2314 400.9103 327.7843
2011_001167 0.6144 80.5942 201.3418 102.8209 226.4284
2011_001226 0.9508 109.6477 33.4776 163.8947 111.9851
2011_001276 0.7559 5.6502 115.2617 117.8086 257.7747
2011_001288 0.7807 15.4852 142.5263 48.5835 180.6592
2011_001304 0.8631 317.7593 76.3978 368.8818 124.0681
2011_001440 0.9385 74.2825 154.3450 131.6253 257.4115
2011_001665 0.8294 433.4147 69.5749 469.2480 107.9374
2011_001665 0.6695 121.1965 82.0742 197.5281 138.3312
2011_001665 0.6347 176.0746 94.9919 470.7666 312.4494
2011_001669 0.7448 110.3079 204.6438 133.0133 238.9318
2011_001713 0.9747 206.0354 52.9830 273.1205 100.3359
2011_001713 0.9534 203.4406 184.0698 273.7926 232.2550
2011_001713 0.5591 180.1978 211.7670 213.2839 235.1310
2011_001719 0.7870 68.5107 127.4054 120.5876 188.4700
2011_001820 0.8594 380.8127 105.9398 500.0000 280.3687
2011_001820 0.5485 284.3316 91.6430 363.0292 196.2664
2011_001845 0.7693 409.5054 85.5873 500.0000 185.3291
2011_001845 0.6750 379.3044 75.0343 499.8727 225.0335
2011_001847 0.6442 282.8774 223.0269 333.0000 305.7961
2011_001862 0.7394 184.4060 78.8174 222.6833 147.4079
2011_001863 0.8895 0.0000 24.2101 175.0895 500.0000
2011_001863 0.8605 46.5305 28.3475 342.6934 485.7230
2011_001946 0.8151 162.3104 40.3947 375.0000 467.0773
2011_001946 0.5040 192.0450 94.1817 322.2141 292.5346
2011_002045 0.9207 417.8235 145.1441 489.3487 219.1072
2011_002108 0.9379 92.9094 158.6792 148.9696 214.0383
2011_002163 0.8255 373.3210 7.9738 446.8623 78.9762
2011_002163 0.5232 304.7198 30.6926 359.2850 88.8953
2011_002386 0.8498 37.7249 0.0000 271.0893 279.2229
2011_002386 0.8487 102.6604 116.1132 148.1009 165.3659
2011_002386 0.7609 17.3025 0.0000 182.7305 267.6732
2011_002391 0.6018 470.6973 229.7408 498.7975 300.7318
2011_002453 0.9318 264.6242 39.2436 458.6171 351.8766
2011_002644 0.8075 1.5636 306.0601 71.3964 372.0394
2011_002714 0.7130 360.5095 157.8844 399.3930 203.4395
2011_002784 0.5209 87.5568 200.5029 114.4892 227.4231
2011_002810 0.8468 0.0000 183.0843 41.6353 264.4445
2011_002810 0.7743 169.8562 106.8535 202.0002 139.5080
2011_002810 0.6774 303.3180 192.3072 338.6119 225.6460
2011_002810 0.6173 222.6512 180.3671 248.9671 235.5475
2011_002812 0.6661 279.3298 174.8261 308.1451 220.4118
2011_002812 0.6646 206.6133 164.6333 223.4509 199.2873
2011_003076 0.9272 64.5437 156.1161 118.6961 219.5069
2011_003103 0.5230 73.5768 6.1124 201.0421 206.7837
2011_003145 0.5261 405.7696 3.9336 494.0623 106.5854
2011_003205 0.8792 80.4508 240.6669 116.8508 274.2390
2011_003254 0.8556 86.5148 173.0583 165.3045 293.1533
