2008_000084 0.9968 137.9468 223.1905 262.7704 290.4335
2008_000257 0.9587 190.8462 325.6079 216.0716 357.9488
2008_000257 0.9520 123.4021 321.9929 158.3955 348.2820
2008_000257 0.9416 284.9856 330.9855 308.0090 352.6660
2008_000257 0.9067 73.5602 321.3534 108.9564 342.9893
2008_000257 0.7158 253.3174 328.5577 276.0523 346.9580
2008_000257 0.6592 327.0270 323.9525 334.0000 341.2878
2008_000620 0.6189 203.8919 216.9773 310.3406 335.5704
2008_002430 0.9855 414.2509 58.2203 491.8678 254.8798
2008_002430 0.9559 376.7289 102.2619 422.8075 235.0114
2008_002430 0.9555 301.5412 63.5081 380.1562 259.2172
2008_002536 0.9990 235.8555 37.5743 368.5048 196.1715
2008_002536 0.9867 368.0991 82.3865 487.6708 189.8071
2008_004292 0.9913 282.7443 224.4763 349.4593 276.8856
2008_004292 0.9702 477.7033 238.6933 495.9792 264.2412
2008_004453 0.9567 193.2452 7.3192 375.0000 498.3111
2008_004453 0.8556 43.6070 98.5419 218.4408 361.5770
2008_004453 0.6866 41.0308 196.0849 209.9355 383.8138
2008_004453 0.6607 201.0959 18.2445 368.7586 201.1524
2008_004453 0.5497 195.9263 192.5142 375.0000 481.9440
2008_004854 0.9915 0.0000 71.0006 353.6146 333.4196
2008_004854 0.9683 37.2024 37.0170 443.8719 310.9448
2008_004854 0.9063 215.4407 1.8771 499.7954 216.4752
2008_004854 0.5925 181.1942 32.2690 500.0000 319.9286
2008_004942 0.5635 7.2334 243.8248 80.6556 367.4940
2008_005010 0.7015 367.4288 106.1782 454.3097 193.0748
2008_005447 0.9974 282.7100 213.3045 359.6236 265.7155
2008_005447 0.9240 367.6286 175.7787 390.3815 192.6289
2008_005447 0.9076 393.6243 231.4745 460.1153 274.9520
2008_005447 0.8800 445.1028 166.5349 475.7123 185.7670
2008_005447 0.5577 471.1773 165.1418 485.7009 172.1716
2008_005563 0.7255 65.0284 182.2829 159.7782 324.0000
2008_005633 0.9976 105.0940 75.0370 476.7554 288.3855
2008_005635 0.9332 446.7456 151.9121 500.0000 236.8171
2008_005635 0.8875 416.8053 81.4414 490.3239 181.6123
2008_005635 0.8291 115.7729 117.1491 187.4442 187.0617
2008_005987 0.9953 304.2066 111.2936 436.5648 244.2300
2008_005987 0.9952 32.7613 152.6418 84.2570 230.1478
2008_005987 0.9286 23.6718 72.7882 61.4031 98.4980
2008_006059 0.9667 111.8655 174.9535 215.1077 401.3009
2008_006100 0.9985 26.4285 203.3937 188.9323 431.3767
2008_006100 0.9956 168.2786 217.7518 301.5073 446.2980
2008_006100 0.9937 35.5130 85.5980 120.4098 159.9692
2008_006100 0.9726 11.9541 102.7567 80.5880 173.1789
2008_006290 0.6803 196.8682 173.0185 250.4393 261.1936
2008_006327 0.9790 188.8530 81.6060 393.8236 287.3067
2008_006327 0.7174 214.4044 130.3476 379.6041 282.8733
2008_006327 0.6500 92.6137 67.8813 371.3017 273.1651
2008_006327 0.6335 203.9112 78.1501 352.6563 214.5787
2008_006547 0.7038 147.0148 213.0978 284.3214 325.4713
2008_006835 0.9989 134.0407 92.9120 323.4245 216.2847
2008_006835 0.9976 101.5876 178.2790 342.8482 344.9317
2008_007070 0.9985 67.9678 117.1813 154.6124 207.4808
2008_007070 0.9974 447.7400 2.6235 473.2606 41.5820
2008_007070 0.9766 236.4945 147.9217 273.0547 202.2597
2008_007070 0.9078 208.5401 158.8130 243.1838 204.1188
2008_007070 0.7172 375.3043 99.1159 433.4436 147.8340
2008_007273 0.8626 294.3347 208.4993 378.9924 246.9779
2008_007334 0.9968 4.9395 146.8857 171.9714 465.7033
2008_007334 0.6335 48.8878 112.5649 240.4060 442.9424
2008_007430 0.6794 14.0979 21.5114 500.0000 424.3899
2008_007497 0.9976 170.6421 163.6516 291.1222 259.1186
2008_007677 0.9874 237.1576 163.1029 429.4215 325.8326
2008_007677 0.8473 210.1675 88.4970 370.2182 203.9928
2008_007677 0.6025 47.5096 80.5702 202.8962 264.5926
2008_007677 0.5751 51.3064 76.9349 341.4255 346.7663
2008_007693 0.9914 83.3743 187.3005 232.2463 308.2436
2008_007693 0.9574 271.2735 167.6225 392.5821 294.0403
2008_007693 0.7893 221.4794 169.5455 317.0479 288.1161
2008_007693 0.7031 254.8284 170.1793 323.9706 290.0469
2008_007693 0.5116 115.8807 172.0363 275.4399 300.0450
2008_007806 0.9686 162.0444 80.5666 231.8637 272.0140
2008_007806 0.9429 190.8431 63.8987 235.0000 122.2253
2008_007806 0.6997 132.5471 59.4066 227.0353 144.5206
2008_007806 0.5624 13.0424 52.5278 153.0516 259.7006
2008_007806 0.5477 166.8348 63.1971 231.3123 156.6201
2008_007814 0.9982 92.2814 44.6827 307.0313 369.6852
2008_007814 0.7847 135.6430 105.2824 296.2122 362.5531
2008_007890 0.9866 285.1950 144.3235 381.7658 249.5435
2008_007890 0.9538 400.3481 136.9396 435.1550 209.3073
2008_007890 0.9524 347.9312 141.1762 401.4795 215.4304
2008_007890 0.8951 44.0737 145.6904 92.2738 208.0317
2008_007890 0.8663 91.2631 146.0219 126.7701 209.4165
2008_007890 0.5881 201.0070 145.8508 295.8389 224.3542
2008_007945 0.5659 312.7943 137.0630 482.7765 326.8655
2008_008109 0.9984 108.7141 229.3872 200.8486 319.1996
2008_008322 0.9956 190.2224 145.6055 229.8327 178.5775
2008_008322 0.9910 238.8085 138.0895 276.7042 178.8649
2008_008322 0.9810 270.4756 150.1828 306.1224 184.5739
2008_008613 0.9934 140.8498 188.2890 189.8944 268.2556
2008_008613 0.9905 39.9356 165.3851 74.1501 223.6788
2008_008613 0.9863 236.6178 203.2276 283.8532 269.4847
2008_008613 0.9725 3.4764 212.7801 38.2198 266.7924
2008_008613 0.9667 239.4667 164.4244 280.9751 207.5124
2008_008613 0.9600 73.3006 179.7310 146.6460 239.7117
2008_008613 0.9575 283.8131 194.0023 339.4586 246.7353
2008_008613 0.9505 187.5812 190.0059 233.0307 252.5715
2008_008613 0.8542 80.6162 222.8932 130.8883 269.0493
2008_008613 0.5769 75.2009 191.7363 143.1322 258.9408
2009_000039 0.9983 192.3433 132.5443 324.8832 281.9556
2009_000356 0.9952 21.0284 60.9270 256.3972 346.6050
2009_000356 0.9943 257.4121 33.5346 469.5435 352.7343
2009_000356 0.9049 48.4849 41.3681 149.2518 98.5562
2009_000356 0.7677 450.9578 89.5883 493.8569 163.1550
2009_000356 0.6324 0.0000 55.6146 40.5615 235.3685
2009_000356 0.5513 419.5357 176.8180 497.5526 355.0656
2009_000356 0.5203 231.2756 70.2530 271.4456 132.8131
2009_000641 0.9840 14.1945 186.5766 247.4745 273.0524
2009_000670 0.9877 78.6683 288.5114 172.5086 421.3875
2009_000670 0.9301 206.3528 319.8734 274.4579 419.4866
2009_000675 0.9784 358.2415 82.5819 483.5860 345.4851
2009_000725 0.9929 305.4779 164.5535 451.3511 271.0803
2009_000725 0.9317 35.0549 150.7810 201.6449 262.1315
2009_000837 0.9970 79.7128 89.1287 463.3783 317.0135
2009_000852 0.8461 219.8761 134.2637 375.7356 286.7754
2009_000852 0.5862 158.3069 94.7406 346.5234 283.5606
2009_000924 0.9996 183.4154 95.1819 426.5634 373.0156
2009_001349 0.9981 1.9971 20.8080 290.4363 374.4013
2009_001419 0.7830 282.8434 125.4108 500.0000 330.2610
2009_001505 0.9959 176.3997 172.1044 344.6986 365.6512
2009_001505 0.9825 1.3688 44.2956 41.9728 159.4638
2009_001505 0.9498 292.1792 95.7420 453.5482 343.2832
2009_001505 0.8067 165.8999 119.6498 388.9812 360.2997
2009_001505 0.7427 251.5997 159.7275 353.3314 366.0694
2009_001518 0.8377 27.1595 171.8362 43.5129 184.5964
2009_001518 0.7189 53.0558 169.3768 66.2332 182.1387
2009_001518 0.6462 86.2831 165.8758 117.8801 185.8166
2009_001618 0.8952 406.3000 101.1626 466.9165 145.2216
2009_001618 0.8847 118.6151 103.3331 177.7672 146.7502
2009_001618 0.8684 89.9516 83.0578 138.4020 123.1958
2009_001618 0.7730 141.8203 92.2415 202.3095 130.3511
2009_001643 0.9982 320.3801 98.9117 389.6650 152.2419
2009_001643 0.9904 183.7631 196.0231 249.1531 234.4707
2009_001643 0.9275 81.8208 208.9731 182.5412 236.2953
2009_001643 0.5758 163.8978 205.7049 189.0319 230.7513
2009_001699 0.9984 209.1731 124.2237 290.4226 198.6302
2009_001738 0.9707 74.3736 20.7195 426.6083 291.4715
2009_001768 0.9986 220.4949 44.0043 459.0534 328.3404
2009_001768 0.9982 80.8102 41.3953 267.1030 382.8276
2009_001768 0.5519 161.3989 34.7016 284.6152 354.0407
2009_001768 0.5278 144.7555 14.9652 366.0433 348.9542
2009_001991 0.9965 65.1293 49.0331 448.2635 483.8903
2009_002082 0.9979 55.2676 118.9744 262.3247 269.7345
2009_002082 0.5035 247.6500 214.5232 322.0194 283.6493
2009_002282 0.7851 0.0000 21.7407 419.7403 327.9888
2009_002518 0.9138 19.1610 29.4109 456.5170 259.6845
2009_002986 0.6822 390.3506 177.9394 400.2534 185.1041
2009_003076 0.9975 130.5648 67.0527 418.7145 240.7351
2009_003254 0.9892 185.6452 278.7055 241.9142 319.2343
2009_003254 0.8610 284.4921 312.7209 320.8281 336.0658
2009_003271 0.9977 256.1465 176.9718 494.8731 362.0580
2009_003271 0.9109 354.7174 168.0986 462.0571 205.2257
2009_003509 0.9876 272.4595 180.0026 304.4039 208.5312
2009_003618 0.9976 21.4140 192.6315 238.8258 478.5547
2009_003618 0.9895 115.2892 112.9250 314.8137 329.9663
2009_003618 0.8640 72.3624 129.4232 308.5370 440.9276
2009_003666 0.9983 73.7788 128.4764 219.1172 297.5428
2009_003666 0.9971 407.6389 140.2469 497.3475 285.9982
2009_003666 0.9901 236.0134 136.4976 327.9069 314.1354
2009_003666 0.9778 0.0000 105.0586 90.2912 241.4890
2009_003666 0.9074 269.3588 110.9425 358.5956 187.4017
2009_004070 0.9972 264.2614 268.0074 325.1833 309.9715
2009_004164 0.9971 7.9660 189.1036 135.0801 310.9767
2009_004164 0.9968 251.7768 6.6084 296.3946 85.5523
2009_004164 0.9959 364.3146 50.2270 448.2765 124.2273
2009_004164 0.9957 102.1342 187.2174 223.1378 341.7696
2009_004164 0.9935 253.0845 184.6809 361.3423 319.3204
2009_004164 0.9905 297.5767 7.3908 399.3671 91.9182
2009_004164 0.9874 211.0936 199.1290 273.5200 318.5856
2009_004403 0.7076 73.9399 148.3288 188.1358 230.3133
2009_004403 0.5951 190.9153 109.8892 270.1340 292.8842
2009_004706 0.9742 84.5559 87.2098 390.0456 312.5565
2009_004768 0.9989 83.7607 97.0943 500.0000 419.7816
2009_004834 0.9651 112.2699 23.9990 390.7646 360.4709
2009_004834 0.7171 370.0373 0.0000 498.7766 348.6856
2009_004834 0.6133 36.9169 22.9126 286.9611 336.1553
2009_004834 0.5071 285.7297 14.7776 495.8889 324.0479
2009_005005 0.9991 181.9394 137.3830 246.3999 186.2142
2009_005005 0.9987 85.3825 93.3310 175.3160 212.3622
2009_005005 0.9944 248.5788 84.1682 360.9859 194.2934
2009_005005 0.9938 392.5856 162.4234 482.2913 211.2780
2009_005005 0.9919 368.4065 215.5759 500.0000 278.3233
2009_005005 0.9756 0.0000 151.6126 101.4653 201.0531
2009_005005 0.9522 328.9774 211.1133 445.4364 276.0666
2009_005005 0.9454 322.0755 102.3103 401.0094 200.0387
2009_005005 0.9272 388.5517 115.3540 436.8821 178.3028
2009_005005 0.6016 468.8116 153.4000 499.8711 198.2802
2009_005089 0.8569 124.1732 274.4081 199.5266 319.0448
2009_005193 0.9995 94.2867 37.4421 409.2178 332.2819
2009_005219 0.7740 2.1968 181.3558 500.0000 374.5449
2010_000139 0.7652 256.8048 209.1992 350.9511 275.9300
2010_000309 0.9770 110.9711 186.3470 142.6280 221.4268
2010_000309 0.9534 167.6116 157.7798 245.7799 219.6971
2010_000309 0.6096 139.4070 185.5939 183.9173 225.0784
2010_000309 0.5441 314.0299 105.3344 362.4689 136.4643
2010_000327 0.9883 431.8546 317.6273 498.4107 368.1387
2010_000327 0.9705 285.9542 271.8901 359.0532 331.3034
2010_000327 0.9303 86.9534 241.4585 135.3869 283.2723
2010_000327 0.9069 350.7998 266.2603 397.3242 325.9316
2010_000327 0.8955 385.5230 247.2466 456.5711 318.7139
2010_000327 0.6217 383.3041 280.7906 425.3357 323.5457
2010_000483 0.9921 197.4732 197.4110 314.7130 271.1101
2010_000483 0.9784 194.8293 156.0826 240.6750 213.1268
2010_000483 0.9583 369.8964 168.4330 418.2513 232.1649
2010_000483 0.9200 308.6367 152.7554 350.8305 173.2352
2010_000483 0.7131 186.2546 204.3569 260.2859 264.5910
2010_000562 0.9747 104.5332 109.4547 346.3351 421.8209
2010_000562 0.9736 50.6231 132.2477 139.6973 256.9175
2010_000562 0.9223 1.4279 2.5339 144.0166 133.2830
2010_000562 0.8826 155.6723 7.4752 260.6963 108.1625
2010_000727 0.9712 81.0326 126.6921 296.3448 254.3097
2010_000727 0.9305 177.6185 206.0130 303.8186 262.4066
2010_000735 0.9931 130.2542 76.6539 374.4367 360.6922
2010_000735 0.9706 0.0000 91.9263 121.4869 343.2835
2010_000814 0.8583 212.1248 157.7587 374.3558 500.0000
2010_000822 0.9433 39.7931 29.3409 477.8849 362.7557
2010_000831 0.9949 196.0058 132.1128 415.0901 305.2496
2010_000831 0.9674 19.1315 197.1528 181.4046 315.7515
2010_000831 0.8958 233.9732 217.8790 381.8616 300.8818
2010_000866 0.8580 71.5816 120.9216 352.3243 342.6823
2010_001011 0.9984 20.0153 189.1482 238.0772 327.9340
2010_001011 0.9842 158.0928 234.7589 326.7419 343.8889
2010_001079 0.9971 156.9401 121.3446 278.6643 202.2452
2010_001079 0.9969 154.1269 225.4382 288.8549 318.8402
2010_001079 0.9958 323.4107 127.3901 427.1428 211.8633
2010_001079 0.9790 138.7810 90.0676 210.1484 163.1820
2010_001079 0.9549 152.5328 60.7835 203.3670 98.7379
2010_001079 0.5197 332.6631 113.1061 414.8848 149.5321
2010_001082 0.9804 52.5956 99.8444 474.2874 363.1209
2010_001082 0.9545 39.8898 74.6860 376.3900 323.6454
2010_001082 0.8967 9.3424 6.9568 349.0344 173.5722
2010_001082 0.8819 76.8516 115.9918 256.0163 262.1641
2010_001082 0.7172 204.6681 81.9017 452.7567 261.4712
2010_001256 0.9902 93.5333 94.1371 412.8270 302.6937
2010_001257 0.9888 0.1553 330.8182 83.0686 439.8823
2010_001257 0.9822 80.9088 299.4618 184.0800 381.7191
2010_001257 0.9547 202.1044 309.6543 262.1851 392.4679
2010_001286 0.9958 206.2535 0.0000 500.0000 333.0000
2010_001286 0.9934 3.7470 15.1597 280.9414 329.6079
2010_001286 0.6528 59.4464 11.0728 414.8400 313.0366
2010_001522 0.9989 45.1310 138.0093 429.7738 317.9455
2010_001557 0.9970 214.2802 80.1215 317.5686 220.1366
2010_001557 0.9965 77.0110 143.8914 208.5701 389.0909
2010_001557 0.9930 81.0453 70.5177 165.5126 175.7551
2010_001557 0.8936 144.7983 121.2182 247.5955 283.1136
2010_001577 0.9951 94.3210 15.9461 372.5049 370.3407
2010_001671 0.9792 136.2001 203.7102 314.4557 328.3391
2010_001796 0.9766 21.9535 7.4327 374.8570 360.8068
2010_001796 0.8724 0.0995 127.1541 118.8741 371.1642
2010_001796 0.6286 125.4238 28.8655 480.3559 359.7502
2010_001796 0.5611 27.2238 104.3487 500.0000 369.8691
2010_001987 0.9960 179.8105 111.2940 217.4323 153.3638
2010_001987 0.9927 223.7156 31.7996 251.1098 73.5999
2010_001987 0.9864 59.4213 103.1751 96.6120 141.7221
2010_001987 0.9620 166.2687 175.4676 236.5651 215.0716
2010_001987 0.7718 230.0118 92.1805 271.1342 133.3759
2010_002041 0.9982 307.3384 122.3983 413.4450 194.7201
2010_002041 0.9958 174.5634 139.5337 290.7756 213.7989
2010_002041 0.9957 5.2131 146.0075 131.5756 232.7879
2010_002041 0.8907 441.6557 147.3844 498.2921 185.1808
2010_002058 0.9956 65.4145 30.5469 169.3245 230.5953
2010_002106 0.8539 84.5051 1.2669 500.0000 294.0060
2010_002106 0.5401 67.3136 1.5798 325.9590 175.3955
2010_002124 0.9986 6.3465 33.2160 434.8265 318.6831
2010_002124 0.6719 0.0000 138.4365 398.2403 333.0000
2010_002124 0.5741 292.1206 150.7222 431.4641 321.9652
2010_002232 0.9987 231.3631 62.7093 386.9409 286.8369
2010_002232 0.9836 68.0187 149.1777 133.8405 291.4613
2010_002232 0.8748 165.5134 146.0072 231.0885 301.8927
2010_002294 0.9616 6.2512 9.2385 315.8879 271.9728
2010_002390 0.7221 114.9034 185.6518 440.5156 370.8095
2010_002390 0.7003 128.7593 88.2807 476.5779 375.0000
2010_002518 0.9988 125.0017 62.5491 423.2505 306.7186
2010_002518 0.9919 133.8562 151.6274 226.2912 317.2581
2010_002547 0.9302 227.6843 198.2834 274.0901 229.9361
2010_002705 0.9000 142.6676 46.1887 276.9799 140.3577
2010_002705 0.7264 151.9612 79.3009 343.3784 311.9408
2010_002705 0.7177 158.1347 107.6799 294.3181 295.8965
2010_002716 0.5844 305.4257 204.9787 331.8022 226.3302
2010_002736 0.9873 405.3431 56.5979 473.9789 114.7645
2010_002736 0.9797 98.1729 255.6663 172.3598 314.5762
2010_002737 0.9932 14.8011 176.9258 269.2851 380.1913
2010_002737 0.9813 2.0195 199.5062 196.0746 376.3784
2010_002754 0.9925 204.6064 342.2224 252.0293 376.8291
2010_002754 0.9247 208.1651 318.5403 237.4161 345.8002
2010_002980 0.9926 14.4940 25.3588 276.1944 229.5296
2010_003074 0.9988 216.3871 163.1816 451.9880 339.4733
2010_003074 0.9957 59.6331 133.3030 238.2554 274.2389
2010_003074 0.9658 455.6215 164.3954 500.0000 352.1451
2010_003102 0.9964 57.2789 44.4395 500.0000 315.2386
2010_003102 0.5128 182.8044 97.3571 489.3446 317.4011
2010_003253 0.9966 157.3654 65.9407 469.9434 353.5077
2010_003376 0.9986 270.4066 136.6747 374.1538 226.1881
2010_003376 0.9912 101.0097 164.0883 251.0415 276.2943
2010_003376 0.9655 90.0241 171.3493 209.2690 284.5914
2010_003376 0.9232 159.9213 160.2953 265.9216 274.0110
2010_003376 0.8638 272.9196 184.6189 313.5581 218.0146
2010_003376 0.8496 90.1235 160.0943 181.0169 194.5383
2010_003429 0.9992 85.6029 23.2106 422.3047 330.7457
2010_003541 0.9970 21.3594 75.2022 293.5759 328.2884
2010_003701 0.6121 87.4742 148.7010 325.9978 318.8680
2010_003742 0.9981 66.4393 0.0000 450.6758 228.2669
2010_003761 0.9980 396.0273 42.6994 496.6524 267.0843
2010_003761 0.9951 114.7925 91.6034 322.3238 328.0580
2010_003761 0.9880 98.6775 25.9358 354.9255 202.2740
2010_003761 0.9404 114.1377 45.2639 338.1431 262.7326
2010_003774 0.9977 142.8223 81.7797 301.9607 291.9374
2010_003774 0.9974 0.7230 99.2093 161.7883 325.0000
2010_003774 0.9944 300.9782 54.0046 478.5359 279.1736
2010_003774 0.9772 298.9010 118.7002 445.6335 292.6062
2010_003774 0.9752 0.0000 0.0000 67.3698 105.8136
2010_003774 0.9666 189.5409 5.2715 316.9491 107.3320
2010_003774 0.8582 301.3754 38.0813 490.4253 147.8440
2010_003774 0.8423 130.8740 7.2632 337.6370 287.5888
2010_003774 0.6029 161.4363 7.7951 321.5190 144.8717
2010_003792 0.9980 336.1867 170.7461 440.9878 254.9034
2010_003792 0.9976 61.9225 156.3728 187.2378 244.8009
2010_003792 0.9934 35.3617 114.0095 124.0174 174.4277
2010_003792 0.8478 76.9209 150.3140 191.1274 188.4011
2010_003792 0.6767 72.8571 153.6470 183.1418 205.2425
2010_003806 0.9990 40.1660 124.4028 243.0755 312.2703
2010_003939 0.8629 11.6832 23.1275 487.7458 351.6834
2010_003939 0.6505 155.6064 49.1770 446.4485 348.5230
2010_004105 0.5317 122.3652 70.1160 375.7352 366.5018
2010_004188 0.9989 170.6080 34.8616 466.1555 373.0000
2010_004188 0.9979 0.0000 35.2419 283.8242 367.4222
2010_004225 0.9933 221.4371 21.8246 332.7082 141.7378
2010_004225 0.7687 168.9917 250.8913 384.0155 377.0000
2010_004226 0.9985 0.0000 140.9242 52.9766 325.4430
2010_004226 0.9982 171.4294 28.2490 342.3595 323.7084
2010_004226 0.9950 325.2437 154.7432 500.0000 322.7997
2010_004226 0.8894 272.5640 187.6795 415.8021 327.9025
2010_004428 0.9943 0.0000 134.4716 208.2116 294.0427
2010_004431 0.9943 142.2170 88.3400 354.8978 275.1122
2010_004556 0.5754 268.2250 216.6458 302.9131 239.2205
2010_004629 0.9255 54.1506 161.2051 256.9116 323.8817
2010_004659 0.9945 184.3581 168.8768 225.1789 226.8778
2010_004659 0.9853 246.1008 155.9081 287.1818 206.5017
2010_004659 0.9340 121.8995 147.8811 142.9754 169.1303
2010_004789 0.5642 16.9287 122.4543 64.9152 139.1784
2010_004868 0.9963 122.8563 86.9560 292.1638 332.7362
2010_004868 0.9943 294.1960 154.4912 491.5759 309.0294
2010_005026 0.9307 21.8811 104.9381 318.2707 339.9539
2010_005026 0.6637 131.4615 101.5097 477.6099 356.9792
2010_005120 0.9984 254.0067 147.7431 391.9632 271.8194
2010_005120 0.9973 9.3767 180.3371 194.7194 309.2740
2010_005120 0.9918 178.7367 172.0162 323.4399 292.0533
2010_005120 0.9027 210.0127 160.2607 360.0724 284.7480
2010_005160 0.6240 258.2746 167.6175 341.3039 233.3400
2010_005285 0.9994 46.0599 79.8027 312.5797 377.5432
2010_005416 0.9996 162.0393 136.3997 350.7143 298.6189
2010_005514 0.9940 269.6440 26.5468 492.2303 321.5365
2010_005514 0.9193 66.3697 58.1354 341.5307 276.7722
2010_005514 0.7790 165.5567 42.3841 472.7376 328.6006
2010_005566 0.9997 377.2583 66.5984 484.2970 241.3462
2010_005566 0.9995 241.8982 83.5544 326.0756 226.5830
2010_005566 0.9989 1.9366 95.6727 74.3308 234.6449
2010_005566 0.9958 111.7628 87.5408 205.8615 241.4299
2010_005566 0.9858 171.5022 81.5627 229.2035 222.7654
2010_005567 0.9921 94.5573 132.3794 208.1389 247.6397
2010_005567 0.9889 7.6754 120.7709 56.3213 237.8141
2010_005567 0.9844 182.9058 146.5033 334.5889 298.3538
2010_005567 0.9680 310.1799 110.2620 370.0292 179.1309
2010_005567 0.8660 219.8392 77.0940 264.0417 116.3716
2010_005567 0.8219 372.6258 104.5608 422.5573 194.3290
2010_005635 0.9828 227.8623 149.5377 292.5893 188.8304
2010_005635 0.9613 165.0001 122.6841 187.1912 148.2422
2010_005635 0.9560 226.7926 161.1169 270.1956 189.9255
2010_005635 0.9270 265.7394 143.8461 302.8401 179.8411
2010_005688 0.9976 0.0000 28.4317 330.5305 333.0000
2010_005719 0.9958 25.4627 108.8105 370.9242 328.6310
2010_005719 0.8601 219.5657 106.3659 384.0328 302.7786
2010_005719 0.7211 0.0000 124.4191 263.6248 332.0000
2010_005767 0.9934 169.7247 56.6058 397.9214 239.7361
2010_005767 0.9827 228.0851 134.4759 339.3185 260.2383
2010_005767 0.9581 66.2784 227.7336 143.7700 283.4874
2010_005788 0.9990 25.8427 134.5137 217.0557 271.7256
2010_005788 0.9978 438.9425 112.1307 497.6520 212.3891
2010_005788 0.9976 192.9157 111.0990 360.5697 246.8246
2010_005788 0.9962 352.5676 105.5308 440.0753 193.1650
2010_006026 0.9947 83.4715 413.3028 142.9162 468.8119
2010_006026 0.9474 141.0083 372.2722 182.7395 388.0734
2010_006026 0.7853 267.9649 330.1291 331.4070 421.9597
2010_006026 0.6230 197.6068 31.0702 214.5558 41.4539
2011_000057 0.7643 248.1114 58.3009 476.9777 333.7342
2011_000096 0.9954 49.0168 319.7873 97.6886 357.5709
2011_000096 0.9945 113.3975 316.8945 168.3915 352.0294
2011_000096 0.9731 249.9032 318.0768 307.4346 350.9747
2011_000096 0.8073 285.9633 315.1541 319.2271 344.7790
2011_000102 0.9892 11.0689 79.1589 500.0000 366.8229
2011_000102 0.9677 0.0000 0.0000 480.3046 142.9613
2011_000102 0.8864 13.0171 16.7507 478.6140 219.7053
2011_000102 0.8274 198.7073 63.4418 487.9041 353.3154
2011_000102 0.5341 209.8299 8.3648 494.6099 161.0414
2011_000332 0.6385 194.5417 141.6541 345.7304 264.1319
2011_000332 0.6251 205.0596 164.4013 338.7066 240.1616
2011_000332 0.5826 139.2953 150.6823 348.5486 294.9403
2011_000404 0.9971 404.8069 239.6222 498.0938 334.1725
2011_000404 0.9952 267.2957 231.5510 383.1513 337.5546
2011_000404 0.9843 112.7355 188.5389 180.1279 286.3796
2011_000404 0.9589 82.1302 208.9289 125.5304 276.8447
2011_000404 0.9076 154.0774 201.5811 279.5269 323.3546
2011_000436 0.9972 170.8535 116.6112 298.2598 212.7118
2011_000566 0.9741 148.6616 49.9690 176.1035 73.4247
2011_000566 0.7141 254.0196 29.5657 286.5832 47.4242
2011_000778 0.8719 7.5317 214.9329 156.1059 349.7094
2011_000986 0.7219 261.7976 108.4685 315.5710 128.8427
2011_001020 0.9510 129.9552 187.8705 229.0027 244.6341
2011_001245 0.5121 164.9481 242.4137 208.4569 260.5216
2011_001329 0.9828 126.7590 146.9209 166.1429 175.3480
2011_001329 0.9619 455.6860 137.6386 486.6681 162.2087
2011_001329 0.9479 266.6357 143.8255 304.5826 169.0354
2011_001329 0.9228 330.6056 140.5476 376.6974 168.1372
2011_001350 0.9923 196.4212 139.7009 445.1707 347.2569
2011_001350 0.9393 245.9226 247.1812 401.2674 338.8927
2011_001350 0.6425 230.6572 210.0923 424.8051 334.0254
2011_001612 0.5394 119.6856 156.6830 167.2128 186.8920
2011_001757 0.9964 364.8076 158.9117 434.0230 248.4735
2011_001757 0.9819 151.0779 93.4988 203.0039 125.0808
2011_001757 0.9818 244.3700 155.3549 366.9319 223.5313
2011_001757 0.7420 206.1418 201.2350 252.4848 239.1832
2011_001822 0.8880 260.3295 241.5714 295.6213 278.7648
2011_001822 0.8856 248.1279 246.7623 274.7724 279.8403
2011_001822 0.8296 164.8836 233.5054 187.4582 259.9052
2011_001822 0.8052 345.8273 261.2811 390.3637 290.1789
2011_001822 0.6994 207.6171 238.9814 234.3567 268.2017
2011_001854 0.5932 0.0000 4.6070 430.1561 326.9943
2011_001986 0.8369 9.1538 11.9839 500.0000 321.4635
2011_002169 0.9949 171.2965 217.5937 265.9172 286.6544
2011_002169 0.6598 23.0382 193.4697 40.7542 216.1044
2011_002662 0.9873 249.8030 252.1414 291.1546 276.5239
2011_002662 0.9550 425.9204 258.6829 461.4076 281.0721
2011_002662 0.8690 69.8477 254.0183 101.9401 275.3215
2011_002662 0.7309 235.0847 265.1140 252.7833 275.1325
2011_002662 0.5193 73.5636 263.1122 93.6070 276.1251
2011_002817 0.9994 61.7550 21.7797 409.6290 297.4820
2011_003023 0.9985 142.5983 163.8564 238.0031 243.9760
2011_003023 0.9956 223.7212 150.0030 300.7429 235.7320
