2008_000115 0.5822 0.0000 16.8181 496.4760 391.9447
2008_000149 0.9794 139.0054 129.8406 410.2896 259.2266
2008_000213 0.7017 66.1005 4.2194 467.3499 235.9025
2008_000268 0.6671 134.6266 0.0000 500.0000 327.8921
2008_000270 0.7742 74.9734 70.7433 500.0000 333.2172
2008_000277 0.5821 5.3020 237.6938 214.2654 370.3376
2008_000277 0.5402 0.0000 242.1570 388.4279 364.2059
2008_000321 0.9441 268.4739 114.3107 475.8267 278.4563
2008_000376 0.6902 390.2574 199.5108 499.8713 279.7471
2008_000419 0.9159 32.7905 27.5831 444.8377 356.3989
2008_000465 0.6025 126.0716 223.1994 466.3986 328.1099
2008_000519 0.7654 31.1887 7.1363 426.8965 188.3146
2008_000519 0.7331 149.0327 4.9606 435.8547 246.5994
2008_000519 0.6141 4.8500 7.5458 442.4470 291.9831
2008_000541 0.8453 15.5885 179.1301 393.3670 366.9559
2008_000541 0.7387 0.0000 175.1026 156.8588 356.2221
2008_000541 0.5578 0.0000 191.1586 233.4979 368.4548
2008_000589 0.9666 121.0832 122.1824 256.1616 212.3212
2008_000589 0.7271 1.6610 109.8693 176.1870 188.8243
2008_000589 0.6311 250.6437 141.2273 465.8084 320.3522
2008_000589 0.5537 253.0334 118.3590 460.3483 204.0495
2008_000652 0.5822 0.1762 89.5161 320.0000 213.0000
2008_000670 0.5490 8.8172 0.0000 310.3226 211.3976
2008_000673 0.6725 38.4668 26.3490 319.1888 176.8693
2008_000690 0.8314 0.0000 45.3211 375.0000 369.2834
2008_000690 0.7477 207.0201 0.0000 374.7078 474.6352
2008_000690 0.7289 3.7600 141.4035 364.9310 469.5548
2008_000690 0.5898 258.5030 137.6824 374.1990 373.2412
2008_000857 0.8024 314.3526 138.5389 498.2040 256.2643
2008_000936 0.7868 1.9125 4.4034 155.5948 260.4850
2008_001255 0.5646 0.0814 145.1100 52.4037 374.2145
2008_001333 0.9455 118.5084 3.9824 375.0000 179.1652
2008_001333 0.6613 26.1883 27.7833 375.0000 290.9014
2008_001366 0.8308 112.6785 99.9000 474.7537 363.7052
2008_001366 0.5168 362.6628 218.0358 500.0000 366.0643
2008_001478 0.5182 34.1650 112.3969 494.6883 374.3983
2008_001513 0.5131 2.9038 31.0608 437.1906 356.9620
2008_001527 0.9124 19.0663 36.5503 422.2429 369.4677
2008_001527 0.7871 155.8708 185.3926 483.6726 370.3328
2008_001527 0.7729 7.8102 27.3929 326.3459 302.3288
2008_001527 0.6523 4.3997 148.6942 302.0963 375.0000
2008_001527 0.6326 0.0000 62.6439 253.6830 358.6402
2008_001589 0.5721 9.9844 71.3416 301.0000 410.7379
2008_001660 0.8301 3.5584 48.1216 471.7081 359.2881
2008_001660 0.6136 6.7036 87.9060 260.0607 366.5378
2008_001816 0.5759 4.3010 11.2731 255.4301 312.9602
2008_001838 0.6841 0.0000 154.9348 395.3642 360.8624
2008_001863 0.6584 165.2004 209.0691 500.0000 365.1479
2008_001869 0.7002 340.3071 206.4091 477.9439 340.3840
2008_002026 0.7829 319.1812 277.6075 499.0974 373.8951
2008_002082 0.9253 94.6330 245.0926 421.3172 335.0000
2008_002155 0.7945 3.6042 182.2342 404.6743 363.3693
2008_002155 0.5264 0.0000 201.5140 124.1389 283.9149
2008_002231 0.5256 257.7754 11.5738 374.3590 261.4556
2008_002328 0.5647 23.3685 134.3633 430.1179 372.0410
2008_002410 0.8688 0.0000 6.7847 437.0000 500.0000
2008_002485 0.5236 39.3781 163.9973 456.2052 363.5736
2008_002494 0.6517 19.4734 145.0508 489.2216 366.5490
2008_002789 0.5911 0.0000 154.6517 119.9520 306.8165
2008_002830 0.7879 31.8468 96.7119 388.0615 326.6349
2008_002869 0.7899 74.8023 157.4906 418.5197 364.9869
2008_002904 0.6692 5.6606 0.0000 487.0295 326.3955
2008_002910 0.7929 31.7404 197.5849 469.6292 375.0000
2008_002920 0.6303 157.5101 91.8519 468.4080 283.1336
2008_002929 0.9316 43.8038 184.0006 441.6375 323.5845
2008_002929 0.5120 34.8712 212.2265 346.5043 329.5319
2008_003271 0.6877 310.1396 19.8161 500.0000 353.6450
2008_003271 0.6689 119.4390 38.3443 491.8026 341.7464
2008_003286 0.8135 18.2664 7.0733 482.8042 340.1314
2008_003286 0.7013 0.0000 4.7150 191.3899 250.5380
2008_003286 0.6681 189.3106 9.5059 493.6931 375.0000
2008_003348 0.8362 145.4650 281.5918 393.0179 427.9634
2008_003472 0.9631 8.0395 165.2932 333.0259 372.8889
2008_003472 0.7789 95.1754 202.5822 367.4617 364.0346
2008_003472 0.6763 64.6274 171.1085 455.6969 364.1006
2008_003607 0.8848 9.8776 212.0530 471.2885 366.0798
2008_003624 0.6966 150.8642 0.0000 500.0000 375.0000
2008_003624 0.6118 66.5955 0.0000 492.7784 225.6279
2008_003624 0.5591 254.0312 10.7439 488.8391 195.9252
2008_003709 0.9789 293.5346 197.1935 496.9615 327.0843
2008_003709 0.9779 160.0011 146.2170 306.0169 241.2116
2008_003838 0.5936 361.6863 138.9343 495.8487 288.0663
2008_003838 0.5460 110.1791 146.3363 457.3441 340.5802
2008_003983 0.6031 37.7336 130.3155 498.8469 375.0000
2008_004045 0.5295 287.2561 325.4666 333.0000 416.9477
2008_004054 0.6417 8.7332 253.9369 226.1493 368.4626
2008_004054 0.5530 6.1604 241.3976 141.2772 370.2700
2008_004271 0.8684 179.0463 212.2743 331.4314 333.0000
2008_004318 0.7812 10.9428 172.2525 355.7737 368.8276
2008_004318 0.6576 1.9602 196.6162 188.5941 373.7778
2008_004344 0.8503 1.9998 208.1511 203.4274 368.6443
2008_004344 0.8478 17.9757 214.2336 417.4987 375.0000
2008_004497 0.9755 8.0292 103.0371 476.4732 323.0956
2008_004497 0.5192 184.8625 63.1407 488.8184 349.2789
2008_004612 0.9117 115.0530 74.6029 381.5070 329.9871
2008_004632 0.9638 99.4144 196.4645 369.9788 334.9120
2008_004632 0.9050 91.6462 210.6163 354.9658 442.8205
2008_004632 0.6733 39.2568 255.9404 298.3333 478.8037
2008_004774 0.7384 61.7684 236.6813 322.9833 462.9358
2008_004881 0.6998 3.7841 160.7388 173.8950 342.3835
2008_004881 0.5176 7.6938 168.7479 319.7638 353.6163
2008_004887 0.9351 247.4342 132.1480 490.6149 346.2740
2008_004887 0.9030 358.5040 184.7052 496.9285 359.7068
2008_004887 0.8093 261.2745 121.0578 500.0000 255.7236
2008_005046 0.5428 54.6079 116.9078 492.3546 368.3114
2008_005072 0.7044 0.0000 12.8181 500.0000 400.0000
2008_005288 0.5445 65.4383 10.1590 477.2033 287.5164
2008_005323 0.9000 252.7051 191.5009 442.7764 340.0996
2008_005323 0.6403 14.8027 191.5373 189.3640 336.3727
2008_005627 0.9641 0.0000 9.4798 222.7063 210.9818
2008_005627 0.8357 6.7957 21.3439 300.7738 267.6509
2008_005627 0.5153 6.7812 46.1029 420.8874 341.6729
2008_005652 0.6929 380.1572 59.0283 488.1810 177.1814
2008_005703 0.9280 0.0000 0.0000 454.5936 157.2018
2008_005703 0.7800 59.0643 0.0000 484.9905 264.9980
2008_005788 0.7712 23.9328 90.2871 452.8126 360.4740
2008_005788 0.5509 239.8494 40.8984 497.9530 346.8356
2008_005881 0.5161 6.2688 157.3970 361.9779 500.0000
2008_005964 0.8207 91.9424 10.0818 473.1854 356.8956
2008_005964 0.7572 16.3920 23.3278 324.0196 364.4717
2008_006038 0.6928 2.0827 103.1956 234.7259 368.5050
2008_006038 0.6285 0.4080 8.1603 450.1974 237.2977
2008_006038 0.6193 9.9524 40.6408 398.1669 354.1941
2008_006117 0.8492 2.8101 101.3149 334.0179 362.4534
2008_006117 0.8005 46.8744 99.3361 477.4599 359.8931
2008_006207 0.7895 0.0000 46.8676 262.6187 363.4985
2008_006307 0.5292 17.5897 26.4774 435.8626 335.0000
2008_006576 0.6546 4.9398 291.0945 371.7351 498.7736
2008_006576 0.5337 0.0000 160.2780 348.5982 500.0000
2008_006616 0.7785 10.5402 110.6378 490.1080 422.4839
2008_006616 0.7108 14.6101 95.4679 312.9509 384.4128
2008_006616 0.5587 32.2402 106.9954 286.5498 309.0347
2008_006665 0.9481 75.0050 180.5607 319.6466 327.1901
2008_006684 0.5454 3.1091 242.3501 358.9766 375.5807
2008_006696 0.7060 8.2451 153.2834 290.0443 395.6676
2008_006732 0.7900 15.7953 1.4309 296.5777 319.2608
2008_006773 0.8480 296.4289 274.4621 500.0000 370.4683
2008_006773 0.7971 74.2684 236.3226 266.3477 375.0000
2008_006784 0.8793 163.9433 148.8319 329.0918 236.6777
2008_006841 0.5631 0.0000 173.7825 152.7222 366.9932
2008_006863 0.5557 17.7645 86.4069 386.0367 363.2692
2008_006948 0.9229 18.5746 145.9935 225.7289 299.1304
2008_006956 0.6524 8.5618 0.0000 500.0000 375.0000
2008_006979 0.9550 6.0842 69.2542 263.7243 340.2123
2008_006979 0.8014 0.5417 152.8262 203.1171 344.6581
2008_006979 0.7157 182.4277 85.7800 277.9815 216.7951
2008_006979 0.5511 335.7288 63.0639 491.3490 219.9445
2008_007010 0.7345 433.4725 196.8360 498.9930 330.2123
2008_007021 0.7661 17.0005 65.7029 480.0000 340.4783
2008_007050 0.6768 0.0000 76.6384 115.2433 270.9824
2008_007050 0.6150 125.0759 59.6969 425.3939 230.6304
2008_007059 0.5481 465.9358 301.7982 500.0000 359.4632
2008_007091 0.9682 19.2217 168.2140 435.7946 359.8963
2008_007091 0.9406 3.8543 167.0594 248.8555 363.1578
2008_007091 0.9099 0.0000 161.8819 157.7897 347.6021
2008_007091 0.8566 224.4142 161.5082 464.1607 312.2470
2008_007176 0.6876 0.5416 0.0000 400.8235 282.1819
2008_007282 0.8784 424.2670 281.0683 499.7570 368.5484
2008_007282 0.7922 246.4060 248.8479 408.2663 336.6653
2008_007285 0.9380 100.1609 102.3779 482.4593 309.6695
2008_007285 0.6762 61.7575 119.4729 325.9897 318.0862
2008_007285 0.5188 46.9446 159.5933 414.2741 325.1181
2008_007287 0.9723 5.1685 166.9629 356.6740 374.0980
2008_007287 0.9078 32.1816 128.7968 457.2059 363.9471
2008_007384 0.8273 147.8259 0.0000 495.3660 333.0000
2008_007384 0.7973 20.3965 5.6041 429.6025 134.3600
2008_007452 0.5790 21.6187 195.0574 358.5895 470.9735
2008_007649 0.5103 0.0000 23.3110 491.8770 356.4844
2008_007704 0.8666 163.1257 0.3573 492.9974 136.4378
2008_007706 0.6315 3.4729 77.0473 453.9593 367.7678
2008_007735 0.6475 17.3130 15.6395 481.5713 280.4277
2008_007794 0.9569 4.5408 0.0000 333.0000 317.3438
2008_007794 0.6170 3.7159 0.0000 211.3067 378.5197
2008_007794 0.5732 68.6614 0.0000 329.6518 480.8997
2008_007828 0.7908 301.6801 185.9431 466.4323 348.3904
2008_007964 0.5898 4.1583 142.1688 482.6340 372.6560
2008_008029 0.7286 32.1860 70.5838 456.0052 359.9882
2008_008103 0.9719 228.6145 169.4084 490.5655 375.0000
2008_008103 0.9110 319.8841 190.4412 496.1468 375.0000
2008_008103 0.5234 89.8094 197.7753 474.2819 371.7934
2008_008190 0.6963 70.1653 141.5691 260.6700 301.8454
2008_008190 0.5784 25.9514 133.6123 372.6473 314.6099
2008_008313 0.7869 291.7504 20.8513 500.0000 275.8679
2008_008433 0.7161 5.2647 107.4109 433.4465 368.3373
2008_008439 0.6387 18.5913 209.6892 144.9932 304.8181
2008_008444 0.9206 48.0089 123.8499 479.6075 372.4283
2008_008444 0.8121 10.2491 137.8413 299.2640 374.4568
2008_008444 0.7812 344.7377 182.4396 500.0000 377.0000
2008_008444 0.6571 140.9276 177.3472 500.0000 373.7380
2008_008444 0.5077 1.2146 155.4660 202.5402 376.7933
2008_008470 0.9833 25.4354 193.9458 405.8303 363.3666
2008_008470 0.9114 108.2174 189.1547 397.4239 326.3113
2008_008470 0.8620 3.3944 217.3320 292.6506 368.4284
2008_008470 0.6349 416.7833 207.6197 499.0471 301.8810
2008_008538 0.9800 55.2514 176.9614 270.6913 375.0000
2008_008554 0.9291 0.0000 163.3294 158.5137 310.6277
2008_008554 0.8060 7.6373 162.5695 223.4533 349.4091
2008_008554 0.6665 0.0000 284.5465 125.0980 371.9847
2008_008554 0.6145 319.7748 139.7219 440.1995 255.1188
2008_008574 0.8446 12.3273 51.1007 448.5614 204.2633
2008_008574 0.6345 48.0332 49.0624 301.4078 184.5291
2008_008585 0.8531 20.2858 197.9523 403.1910 367.7099
2008_008585 0.6585 10.1080 65.6615 469.3599 365.2477
2008_008588 0.5227 89.7232 130.3261 494.6526 366.0391
2008_008606 0.7552 185.4692 85.1666 486.8766 312.5842
2008_008621 0.7835 26.3060 145.4894 364.3991 341.8272
2008_008621 0.6218 127.7080 124.6737 325.6572 294.9014
2008_008622 0.8151 211.4793 4.1199 494.9172 253.9902
2008_008628 0.9721 40.8485 235.6892 204.1259 308.3734
2008_008658 0.9772 2.2151 148.9439 315.7904 288.6956
2008_008658 0.5223 18.9837 184.5404 288.0593 347.6715
2008_008772 0.9783 123.0884 165.7195 443.3886 305.8748
2009_000087 0.7254 227.4307 255.6926 447.4427 363.7649
2009_000096 0.9933 252.0152 135.2245 440.5571 220.9162
2009_000096 0.9801 2.7351 147.6082 165.5851 325.6807
2009_000142 0.8750 10.6376 0.0000 410.8974 375.0000
2009_000142 0.6439 50.6930 0.0000 496.6570 282.0591
2009_000142 0.6296 8.2252 1.3702 259.5945 286.1807
2009_000142 0.5159 218.8603 0.0000 466.3717 99.5089
2009_000171 0.8419 4.0016 229.5509 256.5871 491.2009
2009_000182 0.7214 15.1046 214.2310 320.6628 485.8983
2009_000189 0.6443 1.0338 140.2840 171.8559 363.2495
2009_000189 0.6299 2.5571 161.6106 329.6198 474.9094
2009_000189 0.5876 5.7373 131.5409 242.4343 406.7729
2009_000242 0.9912 40.3407 202.4294 464.3329 372.9482
2009_000242 0.5048 182.1387 258.5964 489.1186 375.0000
2009_000316 0.8331 258.5596 133.7530 497.4801 344.2003
2009_000342 0.7042 21.1040 8.1727 414.8882 174.2919
2009_000342 0.7009 36.6003 1.9678 276.7263 163.9694
2009_000418 0.5332 0.0000 219.4327 330.7390 421.6097
2009_000487 0.9931 16.7891 149.9199 206.6762 211.8182
2009_000511 0.9398 9.1620 13.8227 336.8055 173.8673
2009_000511 0.5870 27.7210 13.9110 500.0000 368.1484
2009_000511 0.5488 2.2469 26.2575 304.0549 350.6101
2009_000511 0.5034 0.0000 4.2236 487.9533 217.0582
2009_000563 0.9868 6.5602 79.9153 451.0134 320.8363
2009_000563 0.7659 271.0952 78.7604 499.0253 323.6279
2009_000563 0.5391 148.7705 69.6896 467.7754 347.4775
2009_000732 0.9221 30.4644 23.8562 321.4710 370.0762
2009_000778 0.6420 13.4359 35.3998 304.7384 457.8893
2009_000779 0.5427 48.1537 5.8523 499.6002 324.0967
2009_000939 0.9290 0.0000 220.3922 92.0774 326.6865
2009_001016 0.7345 7.5085 6.6073 488.0555 336.3412
2009_001021 0.8110 207.1784 288.5113 366.0101 494.0706
2009_001212 0.5622 17.4607 32.5399 358.8358 346.8167
2009_001225 0.6266 10.2785 154.9173 219.5082 369.0443
2009_001225 0.5891 34.3281 73.5679 441.1204 354.0468
2009_001243 0.9037 63.1230 16.0589 442.9295 367.7154
2009_001243 0.8943 337.3183 0.0000 500.0000 189.2945
2009_001243 0.7586 59.5240 164.2999 461.2792 365.0775
2009_001243 0.7551 82.9589 2.3398 479.6332 210.1587
2009_001243 0.6709 252.3750 0.0000 483.4620 192.3584
2009_001313 0.6965 172.2124 150.8309 381.3650 249.4191
2009_001343 0.9636 33.6984 173.1608 232.9904 311.5667
2009_001343 0.8530 318.6655 103.4347 432.6405 278.4651
2009_001440 0.9881 42.0188 67.3855 484.2935 324.4792
2009_001470 0.7004 3.2131 107.1966 343.7277 363.3621
2009_001470 0.6045 5.9872 65.9953 500.0000 344.6034
2009_001470 0.5009 37.3663 80.6889 277.8466 229.1553
2009_001581 0.8337 67.4015 22.6154 404.0000 285.3727
2009_001621 0.8119 96.2338 120.4087 235.8411 258.3376
2009_001631 0.8513 3.0204 155.8330 179.8205 266.2699
2009_001644 0.9818 109.5989 157.2419 280.1134 236.3033
2009_001644 0.9262 2.4267 159.4294 64.5876 245.7849
2009_001731 0.9826 188.8314 199.8844 356.9330 262.5786
2009_001775 0.6657 219.7490 197.4640 473.4587 385.7465
2009_001881 0.5919 9.6959 31.6145 365.4840 195.8304
2009_001906 0.8352 18.2388 91.7933 500.0000 370.7691
2009_001906 0.5616 10.8520 22.2310 408.5807 337.8983
2009_001980 0.8656 7.9488 20.9376 462.8463 280.4539
2009_001980 0.8321 4.8389 19.5803 269.7184 265.4761
2009_001980 0.5263 11.4738 6.1437 427.4731 190.3758
2009_002208 0.6558 343.2242 178.8182 494.1567 302.6434
2009_002208 0.6167 266.1311 164.8544 500.0000 289.2847
2009_002325 0.9815 123.6688 170.4641 323.8790 247.1928
2009_002325 0.9219 5.2267 182.4637 135.7396 348.4011
2009_002346 0.7943 267.9239 0.0000 480.1172 134.9686
2009_002346 0.7658 125.6489 0.0000 480.4002 146.0886
2009_002346 0.7186 149.4488 78.3445 483.5135 351.3907
2009_002346 0.6393 78.8281 7.5281 476.9471 228.3468
2009_002500 0.5078 38.8888 50.8834 475.1915 327.2909
2009_002571 0.9233 0.0000 57.3239 209.0418 191.6376
2009_002663 0.8395 401.8302 114.8360 500.0000 218.9474
2009_002673 0.7613 49.7735 128.1724 402.6464 306.0070
2009_002683 0.9759 228.9071 256.6879 446.9229 384.2660
2009_002683 0.6283 96.3647 216.3497 250.3358 343.4905
2009_002717 0.6962 0.0000 68.1823 500.0000 359.5319
2009_002998 0.9840 0.0000 365.3932 366.3113 498.8880
2009_003123 0.8106 22.0520 215.1519 418.2954 355.9810
2009_003320 0.9746 0.0000 256.0068 326.6659 488.8841
2009_003320 0.7171 0.0000 329.7039 256.4321 498.4190
2009_003373 0.9578 94.0119 180.9653 409.8458 371.7266
2009_003373 0.7287 2.1127 209.4417 102.3784 325.8417
2009_003373 0.5534 0.0000 219.0250 192.6257 363.4998
2009_003394 0.9508 5.0550 62.7520 456.2326 325.3828
2009_003394 0.5305 3.5264 79.8061 200.5865 337.0000
2009_003415 0.7504 98.5811 13.9277 479.4050 208.5884
2009_003415 0.6800 46.9290 6.3103 440.1195 269.0760
2009_003441 0.8574 241.2344 136.3222 488.4932 350.4022
2009_003441 0.8305 30.0888 132.7181 450.4984 357.6978
2009_003564 0.8981 14.5109 181.8535 342.7894 369.0785
2009_003581 0.7995 13.2912 281.5617 281.4128 494.7588
2009_003581 0.5519 0.0000 293.6656 155.1633 476.5220
2009_003607 0.9214 243.6577 141.5589 499.7805 375.0000
2009_003607 0.8673 11.2449 81.0910 286.8702 286.4769
2009_003607 0.8627 29.8847 84.3606 386.2363 322.2043
2009_003642 0.9713 136.8394 228.8770 365.6270 346.9082
2009_003642 0.8629 0.0000 231.7893 141.4574 430.9425
2009_003642 0.7894 94.1633 232.9547 359.1710 465.6239
2009_003671 0.8197 12.8951 90.2834 282.5599 252.3584
2009_003671 0.8188 97.0175 91.3627 279.7238 231.2527
2009_003785 0.7238 13.8512 132.4284 401.6853 360.3015
2009_003895 0.5620 355.5381 46.6374 500.0000 155.8774
2009_003965 0.7911 20.9072 88.2263 384.0224 313.3991
2009_003965 0.6345 10.5006 107.3378 256.0836 314.2303
2009_003995 0.9192 21.6208 163.1821 138.2804 234.2516
2009_004076 0.7844 2.8467 5.0727 459.2534 321.0872
2009_004076 0.5871 160.4151 14.8716 494.6635 333.0000
2009_004111 0.7183 5.3421 0.0000 333.0000 411.9715
2009_004140 0.5275 64.6393 188.1592 470.1375 360.0450
2009_004150 0.5368 5.5148 0.0000 381.0007 341.4079
2009_004188 0.9445 119.2982 116.7458 480.7664 371.4485
2009_004188 0.9097 297.8390 125.5969 497.1055 365.0956
2009_004188 0.6543 15.3195 98.4447 401.3007 353.7649
2009_004291 0.6458 33.2233 0.0000 499.3521 250.2604
2009_004298 0.5464 0.0000 181.5201 480.4234 361.3654
2009_004359 0.5840 2.9699 68.1371 114.7143 365.2539
2009_004359 0.5515 17.1461 66.2387 379.4918 373.2156
2009_004419 0.9704 66.5259 207.6787 449.7787 367.6798
2009_004419 0.9303 313.2810 181.8940 496.8481 360.4553
2009_004419 0.6204 108.5311 230.6748 374.6262 367.1321
2009_004457 0.6492 5.0968 110.3556 441.9651 268.6327
2009_004504 0.7908 0.0000 5.1096 363.1007 496.3664
2009_004504 0.5124 11.1281 9.2054 340.9181 326.0644
2009_004532 0.5907 109.4814 139.3796 486.4931 375.0000
2009_004718 0.9607 17.7992 24.4135 499.2889 348.2263
2009_004718 0.8196 389.3485 11.6704 497.1311 278.3176
2009_004718 0.7541 0.0000 48.3255 130.8561 370.4784
2009_004718 0.6621 317.4222 8.4098 500.0000 274.6557
2009_004718 0.6523 219.5917 0.0000 500.0000 309.3764
2009_004718 0.6043 8.4404 26.4683 237.8028 349.3710
2009_004721 0.5100 185.4148 0.0000 480.8161 242.7189
2009_004782 0.6724 0.0000 155.7977 500.0000 373.7183
2009_004782 0.5055 242.2219 136.8674 491.6060 373.9661
2009_004841 0.8685 225.5470 273.7786 484.9487 373.5533
2009_004841 0.7016 309.8917 283.6739 489.3858 371.1757
2009_005299 0.7195 4.2524 0.0000 500.0000 250.1312
2009_005299 0.5112 18.8804 0.0000 483.5750 147.3239
2010_000097 0.7701 1.7528 97.6917 379.5864 311.6351
2010_000256 0.9511 65.3478 53.0483 353.3358 216.3577
2010_000256 0.7051 81.4201 56.8533 435.0523 259.3922
2010_000284 0.9887 235.0647 200.3658 499.3356 349.2481
2010_000284 0.9561 7.8005 171.9397 175.4665 318.3505
2010_000690 0.6887 67.8130 63.0476 376.1251 288.2119
2010_000778 0.8822 0.0000 132.7218 197.3116 327.5264
2010_000778 0.5880 2.1038 101.6345 498.2787 323.8305
2010_000788 0.8236 25.1661 0.0000 443.5262 268.0367
2010_000788 0.6882 36.6288 0.0000 443.3381 162.7698
2010_000821 0.9763 6.1382 205.0875 250.3483 370.6543
2010_000830 0.9660 70.7574 137.3243 389.8297 312.9768
2010_000830 0.9565 109.5828 147.7554 394.7875 261.1501
2010_000870 0.7687 0.0000 0.0000 439.7379 240.9752
2010_000870 0.7530 0.0000 0.0000 491.7975 375.0000
2010_000870 0.5758 14.5378 1.8262 389.7606 148.2124
2010_000870 0.5565 3.4437 6.0571 258.0590 330.8860
2010_000968 0.8121 137.8606 74.6434 407.0887 189.9967
2010_000968 0.6297 141.7059 77.3552 294.5044 151.3866
2010_000989 0.5041 12.0334 242.1943 365.0751 496.7342
2010_000996 0.5818 5.3777 271.8531 305.9598 496.6121
2010_001008 0.7283 0.0000 43.7065 429.4642 365.8911
2010_001051 0.9812 0.0000 64.3186 228.6380 309.5814
2010_001051 0.9810 30.7191 55.2606 450.9101 311.7133
2010_001051 0.9703 181.4233 59.5325 498.3788 252.1472
2010_001127 0.9436 368.0994 79.0641 499.8046 185.2095
2010_001127 0.8297 44.1013 177.6968 455.3870 369.3231
2010_001149 0.9801 252.9400 180.4484 500.0000 327.0515
2010_001189 0.9707 188.0533 185.5919 473.5860 331.9121
2010_001192 0.8644 22.2598 0.0000 500.0000 366.1575
2010_001192 0.7292 206.7838 17.5256 499.6943 375.0000
2010_001192 0.7140 0.0000 1.9879 500.0000 225.0018
2010_001287 0.9154 139.4922 47.4123 483.9964 241.1191
2010_001287 0.9148 29.7058 46.9919 489.0219 299.9122
2010_001287 0.8903 1.9141 73.1710 227.1002 314.5851
2010_001287 0.7806 271.1666 55.6884 498.9318 232.0419
2010_001287 0.7157 3.1975 43.8281 323.9996 324.9723
2010_001287 0.5350 0.0000 172.6409 152.5799 330.1386
2010_001291 0.6866 45.2408 15.9248 336.0000 304.4218
2010_001293 0.8923 10.5105 15.1432 424.6761 325.1012
2010_001293 0.7269 13.8752 9.9391 248.9408 317.4668
2010_001293 0.6095 136.0065 11.3381 500.0000 243.9763
2010_001417 0.8223 12.3105 3.8495 361.0000 261.0389
2010_001516 0.6477 0.0000 11.2516 391.2680 275.2493
2010_001516 0.5505 5.6898 0.9097 403.1508 177.1789
2010_001528 0.5433 19.9035 224.4145 418.7997 369.9856
2010_001543 0.5893 10.8517 0.0000 262.7933 270.6819
2010_001543 0.5792 1.5786 0.0000 405.5672 331.8844
2010_001571 0.5135 24.3189 15.6926 477.1906 355.0146
2010_001679 0.5199 9.1488 6.4672 484.9053 193.5885
2010_001760 0.5341 86.9551 170.3730 400.6135 456.4249
2010_001763 0.8201 23.5264 39.5670 458.1443 265.3565
2010_001767 0.9213 10.5742 106.7108 263.4572 351.1630
2010_001767 0.9026 14.5678 151.7205 419.4465 349.5182
2010_001962 0.9557 49.0227 81.8421 496.0653 320.8408
2010_001962 0.5242 14.4623 99.8754 306.4761 331.0103
2010_001968 0.5021 154.4985 24.2478 480.5013 360.9648
2010_002025 0.6102 0.0000 0.0000 491.1707 375.0000
2010_002029 0.6150 5.5775 0.0000 277.9929 394.0287
2010_002060 0.5035 9.0367 0.0000 300.6437 357.0341
2010_002287 0.5077 0.0000 0.0000 500.0000 359.0066
2010_002305 0.9292 0.0000 9.9729 500.0000 370.9525
2010_002305 0.7735 119.5482 0.9161 481.7683 296.1154
2010_002305 0.7521 19.5716 9.6448 359.3715 242.7246
2010_002305 0.6837 11.9128 13.2201 288.0778 372.8720
2010_002305 0.5401 236.3886 0.5585 495.6713 368.9997
2010_002337 0.9832 183.2719 74.1641 403.7566 223.9077
2010_002337 0.5570 10.5308 99.4649 225.8874 304.6725
2010_002406 0.5819 10.6135 0.0000 500.0000 363.5163
2010_002461 0.8815 1.9465 128.0727 321.6589 323.1964
2010_002461 0.6606 30.3697 108.3872 484.2188 315.2512
2010_002461 0.5793 225.6378 124.2760 498.4937 236.3860
2010_002510 0.5797 15.8964 8.4721 495.1230 357.0521
2010_002531 0.7772 0.0000 16.3472 500.0000 375.0000
2010_002531 0.7575 134.6407 0.0000 491.2314 257.6753
2010_002531 0.6078 0.0000 15.6690 254.4569 268.6187
2010_002533 0.6999 119.7211 16.1264 497.7513 332.0000
2010_002602 0.5240 0.0000 44.1314 156.9947 361.7904
2010_002623 0.5327 0.0000 50.9770 260.3044 350.0451
2010_002710 0.9548 134.3328 188.3340 373.8457 323.1071
2010_002817 0.7258 28.6007 0.0000 492.4879 355.9109
2010_002817 0.5623 47.7845 0.0000 500.0000 220.0247
2010_002860 0.5239 0.0000 158.1529 486.7180 375.0000
2010_002879 0.5344 22.1055 36.1175 366.5504 269.5357
2010_002995 0.6542 0.0000 1.2595 492.4937 304.9138
2010_002995 0.5481 40.8053 0.0000 457.4642 121.8581
2010_002995 0.5145 185.5205 9.8865 492.0373 323.2484
2010_002995 0.5047 0.7817 0.0000 396.3709 171.7347
2010_003278 0.8489 285.5391 234.7663 479.4491 374.8184
2010_003278 0.7796 53.1618 214.3530 478.5457 368.1958
2010_003299 0.6268 0.0000 0.0000 480.0000 361.0000
2010_003331 0.9589 46.8032 20.6221 497.5872 375.0000
2010_003331 0.5968 239.7627 16.0864 500.0000 375.0000
2010_003331 0.5753 114.8581 5.5287 495.3668 261.6594
2010_003401 0.9343 100.1159 200.3838 500.0000 333.0000
2010_003401 0.9175 250.8860 191.5445 499.3542 327.8440
2010_003401 0.7139 16.4041 190.1824 361.0957 324.8651
2010_003451 0.9568 2.0597 47.7637 433.6376 375.0000
2010_003451 0.6096 0.3415 38.3639 277.4233 359.5629
2010_003569 0.7083 18.9114 5.1441 442.3091 217.3470
2010_003597 0.5509 34.3764 181.8786 439.9368 361.2940
2010_003613 0.8749 16.1075 2.5271 500.0000 265.0000
2010_003613 0.6919 2.2755 12.3070 284.6612 264.5514
2010_003613 0.5297 14.0040 8.1786 390.7014 210.8951
2010_003939 0.5830 429.2434 151.8408 499.6786 284.1697
2010_004095 0.5814 297.3738 219.5719 484.8538 365.1237
2010_004125 0.8907 233.9329 185.3767 479.5984 313.5475
2010_004207 0.8817 27.5989 117.6634 464.1050 441.8463
2010_004681 0.8293 0.0000 0.0000 476.7446 331.4710
2010_004681 0.5278 15.7786 0.4495 310.3362 281.9734
2010_004743 0.5889 163.6957 21.8386 358.4213 293.8716
2010_004804 0.6684 0.0000 184.7095 291.7654 375.0000
2010_004804 0.5487 5.4115 195.5503 185.4432 359.8645
2010_004825 0.5864 54.2657 259.9643 330.1102 466.3995
2010_004825 0.5135 308.3928 347.6052 373.3715 464.7375
2010_004954 0.5138 226.4136 324.8151 375.0000 500.0000
2010_004967 0.8631 28.3006 0.0000 463.8140 365.2798
2010_004967 0.5731 24.7402 0.0000 322.9033 315.2463
2010_005049 0.8561 0.0000 90.9089 283.4489 356.5529
2010_005049 0.5398 23.7540 122.8589 388.7677 367.2333
2010_005180 0.8569 352.6432 222.0705 500.0000 364.7583
2010_005180 0.7216 258.5616 211.4781 491.1561 366.4213
2010_005242 0.8093 0.0000 133.4873 128.9872 375.0000
2010_005242 0.7169 2.3694 83.7434 391.4940 370.2882
2010_005242 0.6725 75.9722 65.0828 500.0000 373.7087
2010_005344 0.5875 0.0000 17.6063 374.3909 371.5349
2010_005398 0.9838 0.0000 221.9859 334.2789 375.0000
2010_005532 0.9525 1.9474 133.1578 427.8820 361.4067
2010_005575 0.7286 0.0000 66.4959 354.0977 311.5693
2010_005606 0.7750 187.8459 32.1969 485.7294 375.0000
2010_005610 0.9418 14.4803 127.7864 467.4135 433.7045
2010_005610 0.9034 35.4088 250.1190 453.8938 454.8295
2010_005610 0.6618 12.3202 174.2603 268.1400 390.1473
2010_005610 0.5695 4.8772 275.0198 234.7720 446.7570
2010_005610 0.5218 226.1977 92.3785 500.0000 444.0129
2010_005637 0.9221 2.9021 27.7940 344.3593 367.9571
2010_005637 0.6829 67.8217 20.5019 357.6125 289.9641
2010_005676 0.5826 8.8125 269.3752 153.1576 362.7190
2010_005681 0.7055 24.5226 91.8022 500.0000 360.5669
2010_005681 0.5993 62.9274 25.1908 480.3122 312.1537
2010_005681 0.5248 0.0000 67.7297 341.4155 375.0000
2010_005692 0.9791 20.5718 147.2034 463.3026 375.0000
2010_005815 0.6387 11.6194 52.2225 385.7562 326.9520
2010_005937 0.7983 5.0229 3.7275 466.8453 249.7255
2010_005937 0.6731 14.8774 4.1138 325.6885 315.4371
2010_005937 0.6201 54.9910 70.7083 487.7621 332.0000
2010_005943 0.7096 0.4957 3.1467 468.0607 273.0489
2010_005980 0.9755 272.0056 266.8848 493.5387 373.7037
2010_006056 0.9817 274.1157 105.3893 500.0000 208.8899
2010_006086 0.8221 13.8225 11.8263 468.3330 275.3184
2011_000037 0.7811 313.0665 208.3027 428.9047 346.9404
2011_000070 0.8932 23.0777 31.3701 488.9071 364.8573
2011_000070 0.5857 229.5385 37.1681 488.9506 358.1712
2011_000082 0.8815 1.6527 161.8213 160.8312 367.1101
2011_000146 0.7198 0.0000 41.7540 500.0000 359.1451
2011_000173 0.7686 0.0000 301.9059 201.7228 481.9866
2011_000229 0.5771 0.0000 0.0000 500.0000 339.5424
2011_000304 0.8411 115.6948 174.9212 474.9017 372.6198
2011_000304 0.7190 254.1515 221.4191 472.0972 364.5075
2011_000304 0.5531 417.7583 200.6560 500.0000 372.9278
2011_000307 0.9007 96.8373 67.2650 458.3596 333.0000
2011_000310 0.5357 65.9086 289.6055 232.1821 461.7520
2011_000344 0.5854 237.5393 62.0271 493.7983 352.6355
2011_000364 0.8818 14.2457 112.6391 313.7971 296.7953
2011_000364 0.7058 14.2477 103.3118 403.4923 346.5828
2011_000386 0.9823 58.9760 327.5466 362.7250 492.5598
2011_000386 0.8784 139.4127 356.4032 375.0000 496.3558
2011_000386 0.8497 19.0944 311.4560 274.2940 491.7603
2011_000386 0.5693 2.1218 323.2408 177.3536 477.8554
2011_000477 0.7345 0.0000 52.1984 500.0000 309.2801
2011_000477 0.5030 0.0000 112.1043 203.9217 272.6448
2011_000608 0.9735 227.8228 242.0525 496.9897 370.3162
2011_000608 0.6510 251.8352 231.9265 384.9174 308.2107
2011_000630 0.7268 0.0000 177.8770 164.7962 356.6285
2011_000661 0.9493 0.0000 9.2072 447.8010 338.1817
2011_000661 0.6994 18.3597 4.1412 356.6361 252.8176
2011_000753 0.5527 22.8729 148.9980 497.5446 362.0288
2011_000765 0.7395 52.2187 26.8726 447.6003 337.8098
2011_000990 0.7325 10.9990 144.6562 446.4105 369.4262
2011_001005 0.9370 41.1732 34.9352 484.6574 366.1484
2011_001071 0.9870 41.2017 49.8981 373.2428 284.5800
2011_001071 0.8954 164.3004 36.1396 357.1770 294.0000
2011_001071 0.8651 235.9798 31.3650 384.0000 293.2362
2011_001071 0.5898 234.0000 159.2260 384.0000 286.6418
2011_001071 0.5845 36.2215 147.8891 356.6614 290.2859
2011_001149 0.9073 4.5991 187.0355 473.3831 375.0000
2011_001149 0.6613 12.6296 217.7998 344.8150 364.4038
2011_001201 0.7348 28.2308 61.8275 399.6634 364.1504
2011_001226 0.5365 271.0366 113.3523 400.6825 218.9212
2011_001283 0.8898 49.6879 168.0484 500.0000 367.0969
2011_001283 0.5091 31.8395 173.4827 253.1835 361.4963
2011_001304 0.9567 156.0393 109.1930 296.4043 199.0524
2011_001304 0.9044 288.5132 106.3040 489.4534 334.0215
2011_001330 0.9036 1.5230 122.0791 215.4546 373.5414
2011_001346 0.5183 136.0245 154.4952 344.8758 273.0264
2011_001346 0.5073 395.6852 249.0385 498.1204 348.1003
2011_001404 0.8444 137.1383 160.9398 470.8047 324.5219
2011_001404 0.5156 0.0000 105.5900 128.6105 324.7076
2011_001440 0.9630 171.3380 194.6079 338.8449 298.4281
2011_001440 0.7617 0.0000 256.8926 236.2841 371.0637
2011_001467 0.5688 70.1690 136.6434 500.0000 321.2874
2011_001518 0.7730 26.7521 159.1403 421.6391 333.3108
2011_001518 0.6363 6.8750 163.7332 226.7178 345.4562
2011_001518 0.6150 121.2170 158.0503 416.0538 297.4520
2011_001531 0.8317 321.8746 194.4458 500.0000 359.3130
2011_001531 0.8195 220.6884 156.5168 379.6014 256.1744
2011_001531 0.7778 105.6271 157.2511 229.6796 234.7273
2011_001567 0.9242 5.2219 142.7224 230.0027 323.5279
2011_001601 0.7739 0.0000 6.9963 494.5107 370.0688
2011_001601 0.6730 18.3875 4.1935 298.3318 290.0491
2011_001601 0.6212 27.6987 16.9937 461.6342 265.0848
2011_001601 0.5070 0.0000 70.3409 377.2983 342.3228
2011_001691 0.7930 229.7347 239.5539 336.4058 469.9638
2011_001713 0.9667 248.8575 159.5699 488.8885 367.5465
2011_001751 0.8429 126.9669 229.1516 489.2311 365.5709
2011_001794 0.8045 222.4445 224.5192 360.5542 352.9601
2011_001820 0.6090 0.0000 208.7051 146.3000 387.0352
2011_001820 0.6043 23.3936 78.1154 416.4228 373.1172
2011_001845 0.7418 13.1854 193.9815 406.8375 366.9919
2011_001856 0.5535 79.8741 202.6691 340.4752 325.7765
2011_001856 0.5130 357.3124 169.3445 470.8390 290.4473
2011_001862 0.6440 0.0000 253.0451 256.7175 373.9736
2011_001932 0.8366 164.6582 153.8647 279.0145 229.1264
2011_002109 0.9171 0.0000 20.6385 375.0000 411.7166
2011_002124 0.7897 115.7935 202.6429 239.8718 331.6562
2011_002124 0.7258 378.2125 271.1504 497.8416 371.9024
2011_002137 0.7807 3.9164 17.7588 337.7986 361.6151
2011_002137 0.7358 0.0000 116.5818 472.6883 375.0000
2011_002137 0.5659 0.0000 7.1894 477.1034 294.9979
2011_002137 0.5536 26.5100 204.4901 454.5524 375.0000
2011_002160 0.6561 0.0000 91.6749 466.9874 380.0000
2011_002160 0.5222 178.8527 65.9694 495.0109 359.1425
2011_002184 0.9806 22.6785 52.0536 480.3824 365.7747
2011_002184 0.9165 13.1076 82.4479 312.9200 351.4992
2011_002184 0.6800 155.0396 93.6350 500.0000 366.5135
2011_002312 0.6613 151.5737 92.2069 423.2877 319.5235
2011_002395 0.6277 136.9974 121.3596 435.0073 287.3684
2011_002414 0.6690 106.5728 129.1703 494.7989 357.0150
2011_002507 0.8404 13.6627 69.2051 180.4256 181.5633
2011_002507 0.7651 8.0029 66.8378 236.7223 232.4314
2011_002507 0.6297 19.7692 136.2124 291.8540 237.0795
2011_002507 0.5139 22.0047 174.5224 297.1466 243.1328
2011_002644 0.6372 73.3452 270.0272 421.8169 373.1044
2011_002714 0.9124 23.0012 158.1132 192.8503 255.4030
2011_002784 0.8992 180.1181 209.2320 442.1385 371.5702
2011_002810 0.5721 252.9086 269.2031 412.4692 331.5768
2011_002879 0.9083 0.0000 233.9791 60.8507 370.3397
2011_003039 0.9338 95.7390 142.2794 396.3715 269.9013
2011_003097 0.9229 1.3905 102.7277 259.9045 323.2974
2011_003103 0.6442 0.0000 195.4894 105.3540 345.8279
2011_003182 0.6016 0.0000 25.6342 500.0000 248.7916
2011_003182 0.5605 138.7596 11.9923 490.1118 302.2907
2011_003201 0.9864 283.9599 149.4661 488.9478 243.3531
2011_003207 0.6169 2.3873 4.3955 238.6732 333.0000
2011_003212 0.9318 40.8289 234.2149 311.2486 369.7438
2011_003240 0.5447 29.0251 301.0433 340.5415 486.7814
