2008_000003 0.9899 71.8855 19.7948 494.9395 309.9446
2008_000190 0.7041 71.4771 137.7640 128.6238 161.9408
2008_000373 0.9939 0.0000 8.8896 425.1669 258.4807
2008_000373 0.9876 0.0000 16.7526 247.8765 238.9929
2008_000373 0.9251 90.7319 0.0000 499.6789 287.8767
2008_000657 0.9894 59.4284 105.5772 354.8693 335.9305
2008_000916 0.9855 86.6350 95.0807 382.7202 343.5978
2008_001114 0.9946 175.2348 90.6404 432.4203 327.8426
2008_001625 0.9658 0.0000 0.0000 494.2772 296.1720
2008_001820 0.8300 8.2011 38.6543 500.0000 331.0000
2008_001850 0.9781 100.6156 24.8049 499.8776 314.9299
2008_001905 0.9123 1.9263 92.7559 298.2801 333.4044
2008_001905 0.5329 7.4729 58.9381 371.8737 443.3027
2008_002158 0.9294 85.2919 36.9471 351.5865 293.6477
2008_002169 0.7033 0.0000 0.0000 500.0000 375.0000
2008_002193 0.9952 89.6817 0.0000 500.0000 245.9822
2008_002222 0.9983 155.1092 95.8579 338.6674 270.9335
2008_002452 0.9589 134.6675 8.9242 238.4187 99.5515
2008_002900 0.6573 173.9991 254.9891 331.0000 459.2217
2008_002965 0.9920 83.4507 159.2274 445.5794 252.7436
2008_003105 0.9965 48.5299 108.0772 463.9881 296.6966
2008_003105 0.9474 72.8510 13.8295 437.8215 305.9456
2008_003263 0.9568 13.9232 97.6936 410.2567 258.4692
2008_003263 0.7731 136.0641 104.5582 364.7623 250.6094
2008_003618 0.5493 0.0000 4.0090 477.3727 316.4230
2008_003826 0.9965 207.7038 134.0247 408.8012 270.9017
2008_003826 0.9937 94.0874 170.0283 207.5603 274.9063
2008_004212 0.9917 169.9540 145.2310 460.3672 271.5052
2008_004214 0.9969 116.3328 12.3490 487.8926 364.9714
2008_004357 0.9963 185.0397 149.2190 286.4831 228.4403
2008_004367 0.9912 3.1766 90.7238 358.9174 292.4795
2008_004367 0.9715 322.9677 90.9814 497.4159 298.5681
2008_004367 0.9446 85.0067 86.9605 500.0000 306.6132
2008_004610 0.9993 67.9689 42.1894 426.6165 296.2380
2008_004852 0.9504 6.7947 199.6568 308.4756 228.8963
2008_004852 0.8968 0.0000 198.9940 331.3327 252.7092
2008_005085 0.9991 131.0617 28.9887 481.3113 239.3610
2008_005085 0.8469 69.1537 49.3831 495.4977 332.7807
2008_005085 0.7287 98.6967 159.7685 494.7574 330.8171
2008_005185 0.8737 69.8726 171.1264 375.0000 500.0000
2008_005282 0.9900 9.8606 41.2314 251.5466 303.2927
2008_005446 0.9990 62.4537 99.9706 400.7770 285.0083
2008_005544 0.8990 337.2990 122.5008 481.3851 317.5874
2008_005544 0.8657 331.6935 48.5214 498.9734 349.2707
2008_005763 0.9973 26.7900 82.0910 408.9205 240.0199
2008_005796 0.7839 79.4795 93.8146 234.7141 142.9475
2008_005825 0.9756 82.1326 0.0000 450.2388 211.0622
2008_005825 0.9195 0.0000 5.2212 359.0103 375.0000
2008_006010 0.9950 83.0937 214.3351 188.5909 417.9873
2008_006047 0.7696 18.6460 11.9986 350.3514 205.4848
2008_006047 0.6959 4.0631 21.6405 341.1653 334.0675
2008_006055 0.9994 47.6563 50.3064 445.0181 249.1727
2008_006368 0.9774 170.9077 126.0960 314.3289 210.1131
2008_006368 0.8658 19.9184 21.7612 314.2647 253.9545
2008_006368 0.8540 266.6314 137.2600 315.5482 196.4763
2008_006368 0.6859 234.1830 135.7693 308.2317 196.6404
2008_006523 0.9905 40.8605 0.0000 500.0000 357.9541
2008_006523 0.9287 228.4558 17.2338 500.0000 301.2002
2008_006523 0.8093 286.1084 19.1472 499.5475 203.1537
2008_006530 0.8134 53.7720 3.5066 493.2005 271.9753
2008_006553 0.9981 75.4757 51.0071 344.4089 295.3926
2008_006752 0.9982 5.9911 136.7667 296.2437 305.0529
2008_006900 0.9922 19.6244 0.0000 472.2410 344.2652
2008_007084 0.9892 0.0000 85.7792 333.0000 485.9353
2008_007084 0.7214 0.0000 392.8937 187.3092 497.0127
2008_007105 0.9988 18.0094 42.7687 484.8654 286.9523
2008_007105 0.6382 1.9090 35.1399 313.1263 292.3051
2008_007189 0.9879 256.1506 145.5296 366.0491 198.1027
2008_007231 0.8709 0.0000 251.0781 362.0760 482.5196
2008_007247 0.9668 21.3580 36.8475 330.7809 446.2147
2008_007247 0.7409 45.0368 34.5500 306.1923 327.2173
2008_007374 0.8373 7.4798 21.9107 426.9174 330.4969
2008_007521 0.9772 128.4743 159.0206 230.7555 238.6046
2008_007749 0.8986 0.0000 159.2904 298.9178 497.3780
2008_007760 0.9998 0.0000 8.9096 488.0572 350.9137
2008_007760 0.6884 0.0000 34.6927 297.4504 327.7023
2008_007787 0.9633 2.9007 7.2544 388.1795 329.9165
2008_007787 0.8254 159.7435 2.2594 457.9710 331.0000
2008_007787 0.6097 9.9376 94.2095 313.0456 331.0000
2008_007887 0.9949 28.5852 30.7512 479.8424 322.3535
2008_007887 0.9132 166.5477 37.2723 432.5500 310.6743
2008_007887 0.7722 4.8900 56.7237 355.8744 299.6680
2008_007931 0.7429 14.9342 0.3781 500.0000 283.1547
2008_008001 0.9950 0.0000 24.6900 325.5383 211.0132
2008_008001 0.5030 0.0000 9.0909 167.7330 211.6934
2008_008055 0.9975 280.7759 186.5423 431.8055 265.9901
2008_008055 0.9839 1.7102 179.7636 101.5990 255.9970
2008_008123 0.9971 0.0000 108.4905 499.1146 285.3320
2008_008192 0.8968 202.3275 32.9267 478.1066 163.8965
2008_008203 0.9996 71.6167 14.5387 483.9420 341.4767
2008_008203 0.9589 210.2138 0.0000 497.4526 368.0510
2008_008221 0.9968 0.0000 43.2568 469.2285 276.9406
2008_008234 0.6431 66.4426 22.0292 488.5638 370.9429
2008_008297 0.9933 103.3124 60.4414 370.2927 265.9328
2008_008302 0.9848 0.0000 8.9380 411.4630 241.5759
2008_008336 0.9919 147.5016 105.0803 389.1126 296.2469
2008_008336 0.8289 19.9679 132.9260 161.1701 188.0630
2008_008379 0.9526 54.3647 2.2475 431.4344 440.3346
2008_008527 0.9957 17.9496 154.9825 107.3063 209.1398
2008_008527 0.9954 295.7808 84.0522 481.9481 249.0774
2008_008615 0.9983 0.0000 0.0000 500.0000 379.7557
2008_008615 0.6668 188.1721 0.0000 490.7681 363.0841
2008_008632 0.9681 243.5865 422.9460 348.4310 477.4611
2008_008662 0.9898 5.3577 73.0671 487.3025 275.7897
2008_008662 0.9844 0.0000 92.3631 222.5331 279.7769
2008_008676 0.9399 0.0000 169.7564 300.1974 335.9816
2008_008676 0.5375 14.1224 107.9324 350.0524 342.4659
2008_008690 0.9973 36.5837 20.6047 383.8790 345.7529
2008_008726 0.9459 158.7674 150.1722 484.0516 273.4919
2008_008732 0.9985 122.0273 110.9693 392.9143 322.3395
2008_008739 0.9170 0.0000 56.6338 229.2421 277.6679
2008_008751 0.9425 0.0000 231.4029 393.2114 315.3486
2008_008751 0.9413 0.0000 231.2565 235.8027 316.0000
2008_008767 0.9971 0.0000 24.5044 154.3584 191.5525
2009_000011 0.9944 146.6362 164.4048 429.0943 285.5982
2009_000022 0.9846 211.6358 140.9845 364.1274 206.5256
2009_000051 0.9968 90.4673 91.1693 398.5988 222.7393
2009_000051 0.9878 406.3282 151.8284 465.1918 184.4000
2009_000090 0.9965 91.3257 110.0643 256.4662 233.9138
2009_000244 0.9827 55.3131 113.0319 387.9241 215.4268
2009_000283 0.9934 109.3736 89.0980 341.7917 338.6478
2009_000501 0.9959 93.7289 103.5007 348.8103 236.4254
2009_000597 0.9737 139.8257 193.9217 198.0816 255.9726
2009_000597 0.9481 226.8945 146.7055 447.0630 278.4021
2009_000628 0.9924 94.4477 131.8159 413.3003 304.3252
2009_000658 0.9990 30.0481 82.9449 437.6437 300.2211
2009_000658 0.9113 27.0270 72.4270 292.6847 269.4818
2009_000689 0.9838 120.6371 148.4648 403.0421 235.5876
2009_000689 0.9359 0.0000 159.0327 152.3998 231.1872
2009_000689 0.5031 6.6782 158.0098 282.7068 236.1363
2009_000712 0.9945 16.5978 125.2219 350.1285 298.2056
2009_000712 0.8675 91.1572 157.7923 333.4007 294.2429
2009_000824 0.9856 42.6745 180.3543 417.4264 310.3764
2009_000845 0.9807 188.7677 157.3189 350.0488 248.4565
2009_000845 0.6434 161.6964 155.5833 419.5577 245.2562
2009_000890 0.9357 0.0000 0.0000 267.9485 333.0000
2009_001007 0.9967 128.2062 219.1485 342.1127 326.5784
2009_001118 0.9999 48.2369 46.1729 438.0848 364.2955
2009_001118 0.9553 22.7799 143.2038 463.4186 346.9838
2009_001118 0.7681 1.3549 75.0757 69.9459 331.6159
2009_001118 0.5624 10.4257 38.5054 242.6271 357.8293
2009_001164 0.9995 94.7306 54.1636 428.2288 323.1504
2009_001245 0.9974 75.9281 148.7302 409.6805 275.9248
2009_001259 0.9954 11.8805 72.8921 489.8716 288.4272
2009_001259 0.7956 193.1663 68.6388 467.5691 288.1289
2009_001300 0.9993 176.8306 144.5193 392.9933 281.0568
2009_001300 0.9751 299.7239 147.2618 388.8638 279.1597
2009_001322 0.9942 101.8140 193.4310 141.7179 247.7249
2009_001333 0.9993 32.2240 108.1633 474.0481 302.1579
2009_001333 0.8407 191.6678 102.1779 469.3494 314.4885
2009_001350 0.9852 53.3492 45.9225 392.1339 385.9955
2009_001350 0.6678 139.4334 112.3398 402.6434 422.1577
2009_001468 0.9983 47.5721 146.7212 257.6299 333.3848
2009_001519 0.9452 10.2669 84.3071 339.8868 264.4148
2009_001534 0.7474 3.8477 155.1443 275.5857 239.5292
2009_001648 0.9969 227.9901 100.3307 409.9396 223.0822
2009_001648 0.9931 11.2733 51.0057 220.0450 253.5235
2009_001648 0.6486 0.0000 65.5248 394.7330 251.9457
2009_001648 0.6074 470.1443 128.4470 499.5770 193.3654
2009_001823 0.9932 86.7176 8.7787 378.3273 316.6015
2009_001853 0.9949 233.3714 125.3197 401.3936 231.4255
2009_001977 0.9973 339.9496 243.6958 406.7587 302.9675
2009_001977 0.9391 124.9871 236.2073 184.7636 306.0237
2009_001977 0.6723 61.5170 241.0751 125.7913 313.8268
2009_001977 0.6494 187.1041 245.0711 268.3734 307.5597
2009_002009 0.9467 214.5080 128.8663 284.1035 242.3436
2009_002127 0.6422 6.4692 101.7225 327.4918 493.8671
2009_002144 0.9996 63.7261 90.4381 466.9316 305.5195
2009_002144 0.5439 260.7746 92.3611 458.6460 297.3702
2009_002175 0.9298 210.4885 174.5345 384.6610 340.9583
2009_002202 0.9895 103.2056 102.8379 445.4050 215.3966
2009_002202 0.7863 0.6305 96.5169 366.4312 205.4313
2009_002219 0.9982 20.4039 25.4060 327.3796 317.5414
2009_002219 0.9751 275.8690 74.1714 497.8484 298.1273
2009_002219 0.9458 52.7415 55.0433 480.1230 317.1849
2009_002238 0.5214 0.0000 0.0000 392.5316 409.0000
2009_002265 0.9974 23.4993 26.7116 372.8443 286.6441
2009_002265 0.8872 118.5598 78.6784 366.1239 281.4525
2009_002291 0.9980 2.7679 95.8397 500.0000 290.1770
2009_002441 0.9985 115.5783 103.6970 395.5968 288.1614
2009_002568 0.9992 59.8399 59.0478 485.0212 306.0774
2009_002638 0.9986 47.5168 73.8454 474.8537 334.9781
2009_002712 0.9996 9.2159 110.5273 445.4276 307.4454
2009_002774 0.9330 28.4856 165.7074 319.2982 240.9959
2009_002774 0.9202 304.7347 156.6113 492.6287 251.1699
2009_002838 0.9998 73.0094 44.7413 469.4895 314.4882
2009_002938 0.9687 94.6687 204.7766 312.4114 342.7350
2009_002982 0.9992 75.1749 105.3215 424.4671 298.6123
2009_003022 0.9995 46.6283 43.3892 443.9203 327.6357
2009_003105 0.9988 3.1204 68.5903 404.1322 268.6182
2009_003185 0.9948 0.0000 46.6828 496.7088 323.3061
2009_003185 0.8613 194.6381 51.3396 496.9915 329.3106
2009_003185 0.7147 6.2644 78.0980 378.5388 298.5760
2009_003230 0.9978 106.7907 1.0092 488.8592 281.0000
2009_003230 0.8545 1.1269 110.9709 70.3744 181.5609
2009_003230 0.7086 0.0000 111.4910 41.3503 175.1457
2009_003299 0.9911 87.4566 63.9399 438.7531 248.3788
2009_003299 0.8058 371.1346 120.6113 497.1691 231.4616
2009_003311 0.9957 0.0000 115.6495 473.5278 264.3564
2009_003311 0.7231 311.1534 120.5934 492.6479 268.6181
2009_003311 0.5916 0.0000 128.6670 306.7244 236.8301
2009_003311 0.5600 389.9268 119.9204 499.0724 261.2250
2009_003348 0.9715 0.0000 158.6733 324.9916 216.0149
2009_003433 0.9228 74.4654 117.0146 329.8943 232.7631
2009_003433 0.8300 62.5676 119.8260 500.0000 232.4673
2009_003453 0.9907 111.5411 114.8671 500.0000 284.4755
2009_003543 0.9772 21.7960 125.8509 476.5174 241.2792
2009_003543 0.9021 16.5396 144.8870 184.0941 229.4704
2009_003543 0.7199 140.0756 124.6976 411.8790 242.2224
2009_003638 0.9963 33.9661 90.6637 471.5966 232.6984
2009_003638 0.9692 26.4273 92.6286 272.0744 237.0453
2009_003650 0.9844 52.6542 147.1152 493.7600 282.7545
2009_003650 0.9610 273.5620 139.7355 497.1884 291.7172
2009_003758 0.9971 62.8447 178.2342 220.2245 300.8751
2009_003821 0.9961 0.0000 177.0753 187.4624 359.1678
2009_003863 0.8080 75.6833 134.6968 485.0694 207.0142
2009_003863 0.6774 0.0000 129.2561 286.0553 203.5021
2009_003938 0.9876 8.0487 79.1824 497.5797 241.3467
2009_003938 0.9026 45.5877 109.8444 415.2807 235.7275
2009_003938 0.7442 4.6112 132.4269 289.9320 233.1923
2009_003951 0.9922 122.5927 85.2506 423.0403 246.7452
2009_004019 0.9853 31.2888 133.4880 500.0000 254.7681
2009_004075 0.9054 4.8569 117.3947 500.0000 324.6859
2009_004075 0.5157 31.2718 65.2828 347.1167 327.1888
2009_004163 0.9992 0.0000 17.0360 316.2547 417.9145
2009_004170 0.9972 57.9038 90.6287 457.2925 255.9027
2009_004170 0.5444 191.0841 98.6314 459.9963 210.8202
2009_004170 0.5293 63.1320 132.2868 298.4503 266.0190
2009_004255 0.9989 32.9110 87.4645 366.4663 439.3378
2009_004329 0.9669 4.1371 138.1618 461.4833 269.8849
2009_004402 0.6773 85.5618 12.7434 500.0000 266.6780
2009_004453 0.9816 18.4675 3.5144 222.4442 295.3046
2009_004453 0.8662 59.2839 1.3387 220.4618 223.2487
2009_004468 0.9995 59.6410 86.7490 419.6689 285.7406
2009_004468 0.5564 46.3094 85.8552 267.2829 289.6865
2009_004559 0.9976 156.5630 91.4999 454.4657 308.0368
2009_004624 0.9985 97.2534 57.7828 494.6294 347.3360
2009_004669 0.8497 6.4963 142.9897 483.5998 284.6815
2009_004677 0.9937 53.2910 93.0650 490.9896 295.7162
2009_004679 0.6909 116.3013 35.5086 475.6393 316.9043
2009_004730 0.9552 205.4958 116.0948 463.0279 180.5470
2009_004730 0.9204 45.6191 121.7549 209.4799 176.3743
2009_004799 0.9937 142.2071 110.8625 327.3527 265.6799
2009_004799 0.7915 68.0138 112.0269 314.2672 300.8023
2009_004799 0.6260 23.8116 166.1422 315.2374 321.0310
2009_004956 0.9698 28.4955 116.8608 486.0042 267.9115
2009_004982 0.8982 167.0452 168.0416 285.9596 273.3631
2009_004988 0.9998 22.2639 27.2743 459.3703 345.2872
2009_005061 0.9975 15.6420 136.7352 343.2737 458.3407
2009_005061 0.7635 68.1769 154.1557 307.5754 342.5997
2009_005148 0.8676 0.0000 18.5237 320.0000 215.5920
2009_005149 0.5486 55.6070 112.4311 375.1633 215.2462
2009_005220 0.9989 51.8457 65.5482 466.0935 285.3276
2009_005231 0.7656 182.3931 169.3133 498.0906 242.1201
2009_005292 0.9869 64.2832 110.5849 283.1089 274.7561
2010_000085 0.9972 8.5077 69.0824 358.9879 238.2747
2010_000085 0.9888 363.9628 83.9960 500.0000 189.5209
2010_000196 0.7871 102.5652 19.9477 500.0000 309.5854
2010_000199 0.9958 34.5204 122.7732 475.6990 276.7310
2010_000313 0.6943 49.7712 14.7587 464.8525 357.4951
2010_000313 0.6701 92.3107 8.0392 375.8275 310.8628
2010_000321 0.9945 155.6199 140.0312 365.9931 242.3938
2010_000406 0.9941 3.5072 130.9461 471.9842 310.5885
2010_000406 0.9438 0.0000 78.0612 360.2246 325.2736
2010_000537 0.9918 130.3719 205.4809 307.5989 256.3013
2010_000633 0.9962 16.6381 33.8703 377.8958 163.1152
2010_000689 0.8318 160.9851 11.7714 486.6170 309.7203
2010_000743 0.9992 142.7707 139.1572 398.2615 261.9176
2010_000764 0.7237 10.1726 157.6529 467.2453 327.1370
2010_000865 0.9950 72.6138 88.8688 482.2878 267.9590
2010_000865 0.6927 68.4483 78.6547 311.3160 262.6949
2010_000865 0.6719 206.1042 98.4969 478.6819 249.0581
2010_000955 0.9319 158.3040 197.6304 463.1354 280.1184
2010_000955 0.8519 103.4960 188.7475 389.2793 287.8600
2010_000959 0.9726 224.2804 22.7625 463.8146 302.6982
2010_000959 0.9024 309.8716 0.0000 491.6494 327.3896
2010_001052 0.9217 9.8888 174.2908 324.8758 221.3130
2010_001104 0.9426 0.0000 256.9020 238.5434 336.3583
2010_001151 0.9438 30.2517 153.5809 421.8149 224.8659
2010_001272 0.9959 118.4940 34.7230 492.3825 282.1161
2010_001405 0.9991 220.7361 93.7823 490.2028 328.9959
2010_001502 0.9403 140.0648 15.1769 497.6542 106.7744
2010_001502 0.6691 21.7053 10.9367 500.0000 134.7148
2010_001539 0.9802 2.5618 10.6655 471.0583 283.6459
2010_001539 0.6640 11.7109 11.4758 296.1701 322.7623
2010_001586 0.8296 22.1535 76.4989 454.9641 297.5352
2010_001625 0.7897 83.4532 120.5518 317.5939 199.6903
2010_001734 0.9577 183.4324 210.0843 332.1294 318.4320
2010_001788 0.9990 205.8879 141.5001 391.3215 264.3560
2010_001951 0.9958 62.7278 109.0650 412.7619 264.0276
2010_002073 0.9988 24.9946 0.0000 412.6544 348.9515
2010_002073 0.9121 24.1112 7.0089 284.1933 296.2663
2010_002182 0.9980 1.6004 4.5434 375.3423 360.7033
2010_002182 0.6930 11.4266 174.4367 386.6749 367.1316
2010_002213 0.9933 158.5825 169.6441 198.4899 218.0554
2010_002223 0.9984 19.4918 72.2545 280.8540 421.6341
2010_002261 0.9687 29.8763 262.2395 234.7821 333.0000
2010_002261 0.8910 83.5116 270.7274 219.8731 332.1732
2010_002261 0.6149 86.4004 285.0039 192.2997 331.3504
2010_002315 0.5885 39.9901 22.1491 426.2531 341.2449
2010_002420 0.6782 54.5086 27.0339 480.7279 320.5379
2010_002667 0.9985 112.6329 75.3941 395.8531 263.8137
2010_002682 0.9462 38.2086 95.6435 500.0000 261.9675
2010_002840 0.9987 0.9693 224.3650 261.4919 394.1657
2010_002930 0.6581 90.8828 184.4796 164.3442 219.7807
2010_003160 0.9721 57.2986 112.7807 483.0048 301.4891
2010_003160 0.8185 16.6786 110.7274 292.5867 288.3455
2010_003335 0.9992 51.8141 102.2431 475.6989 309.3254
2010_003335 0.7727 408.1297 114.2146 498.3176 269.3202
2010_003385 0.6305 0.0000 15.7965 448.2458 258.2834
2010_003470 0.9349 266.4926 80.1954 481.5717 236.9425
2010_003470 0.5658 29.7610 50.6629 479.2206 336.8081
2010_003482 0.9980 176.6167 120.7495 378.6237 239.2245
2010_003514 0.9982 0.0000 10.5018 330.1976 227.4314
2010_003609 0.9981 43.7851 97.3984 406.5440 310.6076
2010_003609 0.9290 26.5504 94.7727 238.3739 312.7832
2010_003628 0.8829 0.0000 32.9246 500.0000 231.2801
2010_003630 0.7502 6.4669 24.6914 383.6078 343.9543
2010_003708 0.7695 323.7690 133.8522 354.1234 169.8018
2010_003847 0.9949 81.4567 81.7206 486.4773 244.4649
2010_003944 0.9958 0.0000 0.0000 461.6469 342.5042
2010_003956 0.9996 212.8851 123.5477 407.5206 292.6212
2010_004149 0.7584 289.5252 0.0000 495.8696 328.0000
2010_004193 0.9925 44.8390 172.0742 480.4438 336.2170
2010_004193 0.5926 468.4321 181.8845 499.0485 285.0074
2010_004313 0.9994 20.2409 72.2079 497.3007 317.2196
2010_004313 0.8914 172.8125 86.9952 500.0000 299.6617
2010_004350 0.9850 141.2559 170.4255 436.7499 344.2427
2010_004350 0.5151 167.9042 195.8466 229.8640 300.5054
2010_004475 0.9861 66.9128 0.0000 493.8336 329.7710
2010_004475 0.8068 225.4379 0.0000 480.2733 325.2906
2010_004536 0.9859 283.4747 132.4966 493.8328 218.1649
2010_004677 0.9967 7.6352 161.9141 188.7189 243.0473
2010_004779 0.9984 48.2683 89.9632 420.4179 316.2374
2010_004980 0.7621 200.0637 105.8370 423.5567 250.4462
2010_005130 0.9985 33.1174 80.0174 376.6581 227.6225
2010_005160 0.5798 1.3664 1.0716 214.0503 91.4350
2010_005463 0.6193 274.9681 242.2620 432.0263 296.4065
2010_005515 0.6304 23.8842 141.0706 408.1219 233.1720
2010_005515 0.6217 20.0110 134.5427 475.7539 268.8531
2010_005706 0.9875 86.2665 152.7584 495.1988 234.7631
2010_005727 0.9968 23.8515 147.3047 409.8777 298.1732
2010_005727 0.6608 128.9479 148.7859 411.8560 273.1213
2010_005768 0.9968 2.9635 73.8671 483.6578 369.0685
2010_005768 0.8144 190.2693 63.2682 498.0540 310.7762
2010_005871 0.6575 0.0000 2.3967 203.0444 71.3495
2010_005934 0.9832 0.0000 75.2411 441.0233 256.5849
2010_005934 0.6613 0.1577 79.0894 259.4757 244.5785
2010_006054 0.9789 189.6056 164.6867 439.0203 285.7439
2010_006054 0.7721 156.9762 120.7145 450.1602 293.6177
2010_006054 0.7072 245.1660 125.6338 440.6470 266.3135
2011_000195 0.9997 0.0000 172.6009 345.9680 448.8669
2011_000195 0.6797 149.8500 205.0615 356.8650 434.9891
2011_000210 0.9523 254.9333 106.4343 499.6382 233.7404
2011_000210 0.5907 143.7680 90.0839 487.0917 252.6865
2011_000283 0.9967 272.3569 77.8957 500.0000 332.0000
2011_000283 0.9944 141.2881 94.7792 293.3195 263.1323
2011_000283 0.9007 100.7814 110.9147 499.5805 330.5798
2011_000346 0.9959 28.3451 60.5910 490.3062 280.0700
2011_000346 0.8707 0.0000 60.7120 289.5643 304.6650
2011_000396 0.5278 69.8406 50.8214 347.6156 486.7415
2011_000498 0.9932 184.4344 0.0000 493.1717 373.4730
2011_000521 0.9955 0.0000 87.1449 418.2800 225.0876
2011_000627 0.9522 21.7751 151.0603 497.4143 247.0174
2011_000688 0.9995 0.0000 49.0303 500.0000 356.5253
2011_000688 0.7158 22.4668 76.0871 335.4073 355.1986
2011_000830 0.7932 314.0179 228.4251 346.5092 317.8639
2011_000909 0.9538 32.2179 66.6673 280.4045 285.6288
2011_001019 0.9957 327.5526 99.1195 458.9915 264.8740
2011_001060 0.7705 1.8669 0.0000 290.2762 264.8374
2011_001060 0.5572 17.5427 0.0000 458.2855 257.7436
2011_001082 0.9920 139.3080 230.6174 175.8023 284.1046
2011_001086 0.9827 189.7247 70.0330 488.4258 254.9897
2011_001086 0.8762 327.6485 63.8506 495.5848 256.2241
2011_001086 0.8558 139.1787 85.7477 296.4247 234.8654
2011_001126 0.9704 12.6117 191.1391 276.7234 255.7418
2011_001126 0.6764 330.0786 175.7093 430.1002 215.9530
2011_001152 0.9980 191.7831 16.6579 495.3545 326.4897
2011_001152 0.9948 29.9763 38.5239 482.2116 325.5414
2011_001152 0.7052 32.6326 95.9082 399.0226 289.1951
2011_001152 0.6123 34.6116 115.9580 275.0110 288.2420
2011_001217 0.7423 0.0000 111.6512 258.8001 261.4368
2011_001281 0.9985 184.9735 145.9185 491.7896 347.1237
2011_001335 0.5002 197.8957 44.8027 486.1415 324.8500
2011_001337 0.9937 0.0000 54.7297 202.2057 325.2509
2011_001375 0.9970 219.6174 119.6620 348.8403 238.1424
2011_001525 0.9714 24.8694 101.6225 455.0430 217.3317
2011_001614 0.9965 30.8498 98.4531 500.0000 291.1226
2011_001614 0.7005 20.7085 81.3588 341.1322 304.6400
2011_001655 0.9944 19.4099 51.1732 377.3649 326.1004
2011_001741 0.9991 91.7190 108.2912 403.3751 349.0469
2011_001827 0.9969 42.2998 142.3195 319.7202 291.3880
2011_001927 0.7593 163.4513 171.9541 344.1618 201.7292
2011_001951 0.8794 103.7283 0.0000 388.5971 346.6747
2011_001951 0.7560 331.0995 160.8739 495.7761 329.1152
2011_001951 0.6909 39.2316 133.1198 477.1314 337.6313
2011_001951 0.5149 5.7662 142.2953 141.1953 304.4937
2011_001951 0.5134 240.3784 92.3228 487.4494 337.3953
2011_001951 0.5107 128.3298 173.9530 350.7101 333.2723
2011_001989 0.7036 198.1839 0.0000 375.0000 469.1579
2011_002105 0.9957 88.9990 132.4501 419.9890 248.5158
2011_002105 0.9917 1.7975 134.5054 103.2042 222.9970
2011_002105 0.7968 404.6535 173.9667 498.9108 224.6597
2011_002173 0.9424 178.8902 232.3311 454.6989 363.7131
2011_002247 0.9913 12.9361 1.1251 500.0000 280.8668
2011_002247 0.6776 20.5308 56.3490 400.2654 302.1119
2011_002247 0.6533 233.8260 0.0000 500.0000 291.9207
2011_002247 0.5606 0.5270 21.5947 313.4078 278.7122
2011_002247 0.5436 6.6962 0.0000 487.6764 98.4283
2011_002248 0.7778 12.5478 35.2947 500.0000 324.0000
2011_002294 0.9611 134.3564 197.5297 303.6878 307.2632
2011_002379 0.9988 130.7477 110.0314 287.9336 265.7776
2011_002396 0.9996 29.2220 54.3648 489.0185 297.0177
2011_002535 0.9989 212.9268 110.6122 366.0014 216.2309
2011_002623 0.5397 41.9300 51.5395 333.0000 500.0000
2011_002738 0.9950 123.3433 105.0345 420.6928 250.9231
2011_002841 0.9043 8.8418 3.0256 500.0000 343.8942
2011_002944 0.9389 203.6232 0.0000 500.0000 375.0000
2011_003028 0.9972 62.8717 125.9217 439.9169 364.1530
2011_003028 0.8068 327.6282 140.1531 495.2439 299.7111
2011_003028 0.7412 88.3092 148.7571 350.3872 348.5338
2011_003059 0.9978 75.9609 24.3942 340.5077 345.6295
2011_003146 0.9991 50.9754 44.1089 479.5838 361.3692
2011_003146 0.5847 277.9879 64.4204 469.5225 249.5724
2011_003149 0.9850 51.8055 105.1836 452.3020 245.5719
2011_003197 0.9662 0.0000 0.0000 372.9255 484.7983
2011_003228 0.7749 96.7877 18.8201 500.0000 345.0143
2011_003260 0.9705 23.8837 147.1737 332.2904 326.5738
