2008_000002 0.9934 79.9721 19.6260 440.7332 258.2910
2008_000016 0.5691 61.2432 48.2237 386.9786 309.3945
2008_000145 0.9582 76.4133 63.4229 452.0138 291.3238
2008_000244 0.9862 58.4201 16.4313 459.7398 343.3720
2008_000244 0.7196 46.4300 123.2076 474.1183 371.6415
2008_000244 0.5064 57.8635 16.6457 460.1895 204.3623
2008_000305 0.9288 314.8188 94.4382 428.9054 157.4372
2008_000566 0.8529 222.9057 221.7152 342.3473 327.7446
2008_000904 0.9736 301.6941 23.8770 403.3111 111.7617
2008_001034 0.6321 0.0000 121.6638 123.7455 232.7332
2008_001428 0.9855 51.5366 37.7219 453.2497 354.0139
2008_001481 0.9885 304.4498 135.5639 375.0000 218.0344
2008_001481 0.9076 6.2113 143.5782 86.3385 233.0724
2008_001717 0.5526 482.5618 277.5900 498.8397 321.7325
2008_001815 0.9337 4.3464 4.4969 211.4590 212.1988
2008_001815 0.7209 325.4619 3.7716 500.0000 170.6939
2008_001815 0.5457 84.7047 54.1334 208.8819 165.9071
2008_001815 0.5348 7.7346 3.2636 333.4015 292.6734
2008_001920 0.9918 298.7410 58.3471 479.2107 206.9014
2008_001920 0.7693 158.4384 59.6396 290.6696 188.1427
2008_002082 0.9914 348.5262 87.9944 429.3147 150.3895
2008_002082 0.9139 343.7217 67.7908 444.1602 158.4562
2008_002140 0.9422 10.6912 0.4820 307.8173 318.3396
2008_002272 0.6032 319.7593 78.8298 357.7168 137.1246
2008_002464 0.9912 165.0664 77.2843 487.3225 323.4732
2008_002481 0.9063 272.3446 235.8043 316.8242 276.3805
2008_002680 0.9224 37.1526 29.6403 282.9548 225.5294
2008_002789 0.8262 121.0471 129.1664 255.5579 218.2939
2008_002817 0.9260 152.0523 5.7770 394.6034 162.2669
2008_002817 0.9044 133.1503 0.9258 442.4781 212.5609
2008_002817 0.8712 403.3630 78.9428 488.6930 229.8549
2008_002826 0.9512 345.4259 115.9393 487.2719 249.7571
2008_003003 0.9735 110.2768 78.7303 242.4246 162.0855
2008_003003 0.9333 479.2114 218.2425 499.2831 289.6718
2008_003026 0.7754 155.1384 65.3645 318.1216 207.3861
2008_003280 0.7142 230.1696 178.4228 311.9602 271.6429
2008_003348 0.9947 205.5508 120.7992 295.6959 212.0229
2008_003432 0.9894 145.7290 89.4646 230.6866 167.8088
2008_003432 0.9872 47.0135 103.5412 137.6882 182.8437
2008_003432 0.9456 313.7223 83.9232 388.9480 155.0908
2008_003432 0.9421 242.9823 85.7568 306.0427 161.2012
2008_003466 0.9349 115.3310 67.2943 362.4335 312.2169
2008_003671 0.5663 49.9958 238.8833 74.9184 275.4370
2008_003744 0.5931 470.0932 255.4229 497.6129 315.8249
2008_003753 0.9777 324.0668 186.2066 372.2727 229.0726
2008_003885 0.9979 123.1987 56.9322 430.5843 277.0586
2008_003948 0.9870 47.1617 156.2926 295.6205 309.8286
2008_003948 0.8791 56.0399 132.2342 451.7769 310.3015
2008_003948 0.6847 271.9270 130.1174 464.7765 273.7037
2008_004271 0.7395 178.2081 133.6422 220.7656 191.3141
2008_004279 0.9952 136.8318 12.2495 378.8695 189.4577
2008_004297 0.9852 261.9724 4.4622 465.1160 180.6911
2008_004330 0.9938 234.1394 50.1687 328.2768 137.6692
2008_004333 0.9389 304.6013 94.2297 457.1299 284.7574
2008_004526 0.6303 3.0688 187.5552 303.6739 496.0185
2008_004541 0.5775 24.2201 195.6268 61.0550 224.7713
2008_004550 0.6400 57.5428 115.2403 136.9073 219.7266
2008_004606 0.9908 0.0000 5.3116 123.5620 135.3934
2008_004665 0.9764 52.8898 170.4706 100.7743 208.9479
2008_004720 0.9583 247.4381 83.8132 324.2513 163.8456
2008_004720 0.9561 167.6332 88.8676 248.6032 174.5401
2008_004754 0.9593 134.0928 13.9405 362.0764 185.5244
2008_004881 0.8675 373.7507 48.3400 500.0000 207.9876
2008_004898 0.9873 79.6347 10.3922 171.2052 106.8009
2008_004910 0.9973 234.0498 161.9406 343.6122 253.3714
2008_004930 0.9394 64.6131 13.4295 450.7053 367.1684
2008_005008 0.9982 215.3588 107.3864 391.3602 250.0761
2008_005008 0.5827 0.7405 100.0853 27.3181 248.8214
2008_005037 0.9737 341.6918 27.5423 434.0271 123.1672
2008_005089 0.9522 154.8919 156.0107 311.2595 273.3252
2008_005191 0.6949 202.6847 188.3028 273.7000 236.1599
2008_005254 0.9834 97.4030 36.6764 458.7873 289.0615
2008_005255 0.9784 140.9760 45.7895 479.4403 296.9234
2008_005255 0.6096 185.8712 82.8619 444.0811 234.1323
2008_005257 0.8349 242.3541 125.2949 297.7166 170.1291
2008_005393 0.9965 166.9291 136.3410 337.0375 260.6127
2008_005439 0.9287 24.0036 114.4645 310.2197 473.1696
2008_005445 0.7964 57.8699 143.6208 146.5864 242.8636
2008_005660 0.9936 8.6236 97.1734 269.1241 326.3625
2008_005660 0.9638 86.8608 112.3950 442.9739 298.2077
2008_005660 0.9631 259.3508 104.1902 470.3279 295.8250
2008_005732 0.7994 2.7701 120.7506 46.6553 169.3069
2008_005877 0.9894 17.1615 66.7182 254.8909 301.3773
2008_005918 0.9025 142.5780 117.4082 358.5435 286.5139
2008_005957 0.9302 344.2471 74.6732 493.7527 275.9843
2008_005962 0.9964 85.2094 51.2450 388.7291 264.2243
2008_006031 0.9966 119.9923 80.8115 350.6007 252.2533
2008_006047 0.9468 258.3324 58.5342 366.8826 131.5226
2008_006147 0.9728 226.0147 4.6730 465.2224 301.2166
2008_006147 0.8917 10.7776 9.7292 241.8080 275.4763
2008_006147 0.7227 14.5006 17.7504 335.2509 332.7803
2008_006147 0.6893 92.2899 23.6572 459.8193 319.5770
2008_006159 0.9979 298.7219 166.3791 436.1619 319.9106
2008_006233 0.9977 49.7623 3.1266 228.8574 142.2892
2008_006267 0.7443 0.2336 162.7061 53.7328 262.6994
2008_006288 0.9741 40.1610 17.5926 199.7273 222.6307
2008_006366 0.9933 264.9346 311.2802 346.7002 382.7697
2008_006409 0.9809 64.2082 75.7082 338.4223 262.1836
2008_006463 0.8937 366.3046 59.8067 471.6057 144.0349
2008_006591 0.5737 186.9477 0.3086 477.9989 51.3752
2008_006605 0.9859 253.7935 122.7738 333.1058 224.1949
2008_006605 0.9725 367.8720 150.8318 444.1089 229.1005
2008_006617 0.9856 113.6686 75.2757 391.7231 288.4763
2008_006617 0.8368 227.5538 199.9166 353.6747 255.4588
2008_006617 0.8366 108.2610 112.4280 340.4301 270.5920
2008_006662 0.9951 46.2077 89.5630 182.9953 212.0252
2008_006662 0.6555 3.3403 105.5646 46.5585 205.0232
2008_006773 0.7821 244.6084 199.6508 316.1134 244.2803
2008_006948 0.9051 352.8892 107.7214 416.2401 158.5409
2008_006948 0.5389 260.8596 131.4621 316.9465 185.1835
2008_007010 0.9855 256.6239 135.3602 361.2331 203.5397
2008_007114 0.9539 39.7296 207.1709 301.7630 464.6233
2008_007196 0.7129 198.7762 10.8485 344.5094 191.1631
2008_007282 0.6924 80.1133 230.8209 120.1855 281.2082
2008_007282 0.6302 121.8442 223.7742 205.1535 321.5877
2008_007324 0.9952 124.4261 0.0000 321.7534 178.2379
2008_007332 0.9651 0.0000 40.4877 157.4804 270.0708
2008_007476 0.9979 1.7026 181.1435 120.4791 319.9526
2008_007476 0.6531 1.1365 35.3417 128.6691 318.4904
2008_007527 0.9946 172.1237 122.4949 291.2693 205.0890
2008_007536 0.9972 46.9606 25.6830 323.4801 282.5728
2008_007548 0.7343 41.2536 0.0000 400.8191 193.8829
2008_007561 0.9982 277.6579 37.7082 375.2505 129.9133
2008_007567 0.9254 210.4442 7.3188 388.3954 152.9764
2008_007685 0.9963 156.1365 274.5960 237.0624 355.9158
2008_007685 0.7024 0.0000 159.9432 90.9063 375.0000
2008_007733 0.5102 1.6444 5.9764 228.9044 220.7180
2008_007798 0.9950 98.0336 44.0724 279.2597 220.5119
2008_007798 0.8124 13.0134 152.4739 89.3400 226.0032
2008_007933 0.9988 6.4636 6.5402 279.9667 212.7040
2008_007933 0.9473 268.9942 6.9610 402.1897 217.3705
2008_008096 0.8498 49.8695 139.6449 171.4860 212.4678
2008_008096 0.5374 316.3990 136.0702 403.7641 177.2625
2008_008269 0.9289 131.4217 47.8876 359.7406 265.4782
2008_008429 0.9883 58.2197 66.6159 289.0667 257.9402
2008_008439 0.6841 379.5986 157.5673 487.2581 252.9302
2008_008524 0.9581 426.8061 125.9323 497.0526 241.2524
2009_000041 0.9959 15.0301 101.3152 211.9184 327.8819
2009_000041 0.9877 182.1829 33.5091 455.1776 231.2152
2009_000136 0.9852 0.0000 103.8415 87.5402 248.2730
2009_000157 0.9760 286.2459 259.2367 333.0000 337.4734
2009_000157 0.9373 58.9126 255.9345 119.4668 320.0789
2009_000214 0.9885 180.1448 104.9996 226.1247 164.5567
2009_000216 0.9704 20.8119 7.9114 279.2070 278.0233
2009_000216 0.8278 31.8515 9.8475 275.5031 173.2191
2009_000391 0.9988 82.9514 23.8741 248.4711 172.4178
2009_000391 0.7476 19.3832 147.1998 72.0190 219.7089
2009_000466 0.5765 31.3805 105.3365 355.7713 442.4512
2009_000488 0.9810 26.8506 0.0985 210.8458 82.0867
2009_000549 0.8777 387.9457 83.2586 480.0285 184.2892
2009_000704 0.6005 2.6843 165.4810 57.4353 232.9605
2009_000791 0.9951 59.4336 3.4205 355.3510 166.4478
2009_000939 0.8395 203.6412 155.2141 255.8572 199.7009
2009_001000 0.9778 80.1816 38.2993 118.9149 70.7071
2009_001069 0.9878 133.8735 32.4594 400.5985 219.1515
2009_001120 0.7745 10.6329 40.4430 96.4760 96.7854
2009_001343 0.7599 230.4366 70.6053 274.3946 107.9912
2009_001363 0.5789 169.4061 10.6132 379.8332 101.4784
2009_001437 0.5370 375.0086 0.0000 496.8323 108.9932
2009_001526 0.9240 122.9828 0.0000 473.6722 191.1245
2009_001644 0.9799 290.9733 131.3571 383.2685 190.1781
2009_001830 0.6802 143.9987 176.6457 190.8287 238.9503
2009_001839 0.9983 90.7276 104.7254 239.5964 228.8590
2009_001839 0.9720 396.6760 104.8648 496.7614 225.7880
2009_001839 0.7117 416.4678 109.1210 470.9409 215.4748
2009_001852 0.9955 1.4886 56.9629 441.1284 337.1996
2009_001864 0.9883 89.8423 122.5054 209.2984 205.5517
2009_002094 0.9686 263.4473 0.1491 426.0269 103.0712
2009_002094 0.7259 50.6117 4.4109 161.1026 65.1894
2009_002110 0.8091 9.3907 0.0000 260.1350 373.8818
2009_002139 0.9936 153.3996 146.6009 262.5014 237.8046
2009_002185 0.8370 284.4227 38.6905 312.2206 95.2272
2009_002232 0.9735 19.9344 8.2900 482.1709 337.7084
2009_002366 0.9147 199.3338 1.3339 394.0117 161.1514
2009_002444 0.5142 227.2830 241.1682 279.2083 282.0897
2009_002562 0.8520 25.1107 137.3627 369.6086 404.6616
2009_002573 0.9671 160.9001 197.1722 270.9629 292.9461
2009_002733 0.9979 226.8686 14.9556 418.0475 197.7632
2009_002733 0.9970 9.3569 31.4476 235.3398 280.8279
2009_002755 0.9594 327.8693 0.0000 484.5275 75.0873
2009_002967 0.9806 96.6302 6.3459 369.0846 324.5224
2009_003140 0.9936 89.2737 30.1972 264.1741 184.4031
2009_003140 0.6665 305.9279 59.2073 434.8838 192.0878
2009_003191 0.9690 28.0683 184.1668 101.9300 255.8305
2009_003204 0.9991 79.8100 19.2126 224.6091 151.2810
2009_003214 0.9839 26.6162 80.0115 216.6526 243.8661
2009_003214 0.9362 210.5853 81.4156 383.4107 239.1904
2009_003373 0.5015 193.4534 109.0946 211.6342 173.3679
2009_003387 0.9420 108.8864 51.6631 158.9250 92.4066
2009_003523 0.6698 104.3307 85.3413 476.6997 352.2715
2009_003537 0.9778 51.0519 114.7240 191.9499 242.4330
2009_003551 0.7782 174.6081 161.8015 393.5289 427.3515
2009_003554 0.9963 135.7304 120.0848 215.9035 203.3309
2009_003857 0.9905 130.2124 85.1969 277.1903 199.2184
2009_003895 0.9721 154.6390 117.2434 325.6410 268.8521
2009_003895 0.9492 0.0000 112.7465 163.1611 254.0242
2009_003895 0.7920 143.7169 1.2145 265.6040 38.9235
2009_003899 0.6171 440.0249 199.8678 498.7536 279.0724
2009_004062 0.9539 397.6830 62.7553 463.0446 134.7412
2009_004062 0.9256 176.4866 72.7849 246.5033 145.1005
2009_004062 0.9219 170.4597 202.5881 222.1302 254.3381
2009_004062 0.8863 248.0650 206.4435 295.5493 259.2737
2009_004062 0.8794 398.5955 195.3954 460.4710 266.7863
2009_004062 0.8686 320.0540 67.1193 386.9417 138.1596
2009_004062 0.7625 51.7465 74.8007 110.3988 143.1145
2009_004062 0.7531 234.9463 325.5227 307.3085 375.0000
2009_004062 0.6925 252.1104 85.8363 312.2742 146.9217
2009_004062 0.6588 327.0062 339.2169 396.4747 375.0000
2009_004128 0.9717 58.0840 202.2120 185.0463 345.2384
2009_004138 0.9787 48.9193 139.0798 156.5863 204.4310
2009_004188 0.5598 344.0753 0.8199 498.5482 82.0868
2009_004243 0.9739 217.4028 119.1273 264.1289 159.1807
2009_004243 0.7270 152.5324 140.4001 191.8962 170.3829
2009_004359 0.9902 311.2448 7.7129 495.3262 239.4867
2009_004478 0.9992 35.5089 11.1450 333.3900 375.0000
2009_004655 0.7341 1.7018 7.4993 128.6488 148.3228
2009_004902 0.9307 134.6955 16.1128 375.9065 157.8160
2009_004902 0.8308 100.5959 17.0181 425.0212 222.6490
2009_004922 0.9862 279.1434 91.3200 338.8074 178.7989
2009_004993 0.9152 0.0000 154.9780 129.0396 357.5793
2009_005062 0.9889 82.7518 47.7698 179.5979 135.2873
2009_005205 0.5042 307.8984 216.3496 359.4659 346.3687
2009_005221 0.9934 87.4330 44.4622 280.1183 227.6671
2009_005221 0.9187 223.2620 1.8856 391.4128 261.1287
2009_005221 0.7155 92.0138 8.9452 355.6512 252.9782
2009_005288 0.9931 363.5187 137.8867 416.2854 223.0132
2009_005310 0.9585 126.4345 221.0272 193.3771 280.6292
2010_000053 0.7853 45.9267 40.1405 500.0000 351.6457
2010_000053 0.5458 56.0170 162.4095 490.4240 365.7946
2010_000291 0.9977 0.0000 0.0000 212.4201 290.6862
2010_000291 0.9926 222.3397 19.1022 500.0000 298.4995
2010_000291 0.7477 219.3731 35.5464 408.5565 254.7767
2010_000318 0.9983 3.8150 106.7119 137.7459 252.7300
2010_000318 0.9917 338.8822 67.9157 495.9976 240.3471
2010_000318 0.9205 6.0162 29.1339 137.0817 223.0370
2010_000375 0.9980 321.7538 165.8905 398.8080 234.5906
2010_000435 0.9820 257.2956 93.4708 321.0652 151.4449
2010_000669 0.9521 196.6083 125.2231 264.9222 180.2345
2010_000705 0.7675 119.7546 198.7584 189.0592 247.1504
2010_000738 0.8827 360.9303 117.4845 432.4525 189.2204
2010_000738 0.6631 94.8988 85.3994 128.2937 110.7219
2010_000931 0.9929 130.8844 62.4990 243.8963 160.1119
2010_000931 0.9476 238.8338 68.3808 340.4229 164.0740
2010_001099 0.7333 41.1199 84.1606 429.1372 332.3110
2010_001270 0.9746 234.0280 50.2435 358.5117 169.9444
2010_001367 0.6595 11.1881 48.3670 138.3015 270.8021
2010_001690 0.9117 23.5430 47.9930 500.0000 375.4296
2010_001690 0.6081 24.4614 6.1006 481.6024 265.4737
2010_001752 0.7078 135.3208 33.4005 337.8092 171.3220
2010_001752 0.5990 4.3628 5.1737 142.9557 174.1513
2010_001862 0.8088 0.0000 119.8704 48.1880 215.0516
2010_001918 0.9938 47.4862 51.9968 239.6929 216.1921
2010_001962 0.9094 10.4831 52.4183 83.3944 99.7142
2010_002002 0.9447 276.8548 79.6593 363.9474 157.6344
2010_002048 0.8163 262.6659 11.3207 412.2060 122.2686
2010_002094 0.9958 0.0000 10.5977 500.0000 282.4267
2010_002094 0.9226 210.2812 18.1451 496.7181 308.5026
2010_002094 0.8511 13.7283 15.4753 324.6367 295.2429
2010_002167 0.8965 59.1948 102.4485 372.1545 414.0912
2010_002167 0.7522 73.1785 109.5658 361.2423 272.3494
2010_002167 0.6820 49.4089 270.6146 207.1343 428.0006
2010_002245 0.9059 177.6573 122.0034 331.2654 250.6295
2010_002247 0.9974 101.9508 32.4642 287.2495 197.9704
2010_002247 0.9739 406.4202 29.5842 498.6528 146.1729
2010_002402 0.9293 345.1103 164.4253 402.2027 212.3970
2010_002402 0.8575 0.0000 21.8674 240.0597 279.2789
2010_002402 0.7193 350.7071 53.0135 430.7065 111.6210
2010_002427 0.8537 54.9192 0.0000 500.0000 332.9908
2010_002561 0.8884 222.6990 63.6255 369.1769 217.7527
2010_002586 0.9923 157.6578 36.4689 266.7002 117.7895
2010_002652 0.8536 73.1677 134.3314 181.2773 282.8436
2010_002770 0.8267 13.4442 6.3377 492.6455 264.7508
2010_002770 0.5742 0.0000 31.0937 344.0674 364.0012
2010_002791 0.9905 18.1811 135.6350 348.3711 414.6108
2010_002860 0.6725 283.0119 30.2658 500.0000 164.5555
2010_002921 0.9906 255.1515 174.2095 356.4277 265.9492
2010_002921 0.9825 125.6555 165.9490 248.3647 267.6987
2010_002921 0.9734 47.6825 182.2861 124.9709 262.4899
2010_003103 0.9976 334.5396 166.1366 436.4216 250.3093
2010_003236 0.8138 73.6152 12.9977 343.6399 296.8765
2010_003358 0.7365 444.6190 43.8843 500.0000 134.1396
2010_003461 0.5470 136.8207 16.7222 457.0926 342.2752
2010_003688 0.9897 126.2341 8.0796 397.8177 186.1711
2010_003688 0.5296 401.6004 93.4187 466.1891 170.7035
2010_003728 0.9950 194.4026 95.0202 287.6553 175.6651
2010_003744 0.7266 33.2442 12.2903 446.3710 237.9617
2010_003857 0.9668 45.8087 28.0633 465.1203 349.1991
2010_003857 0.9259 22.3542 139.2402 487.4785 360.9524
2010_003942 0.9684 0.0000 36.1071 161.1270 235.8781
2010_003942 0.9143 148.7200 43.1351 448.4017 259.3201
2010_004050 0.9143 82.4596 105.8282 146.2421 178.6901
2010_004095 0.9268 71.3504 158.5147 133.5814 219.6778
2010_004095 0.5478 153.8193 168.0536 242.7739 235.1306
2010_004125 0.9386 276.0927 142.0740 319.8224 174.6841
2010_004137 0.7631 194.3348 32.0892 346.8998 122.1464
2010_004254 0.9942 306.7922 159.5159 500.0000 350.5054
2010_004460 0.9895 102.9960 176.7313 310.0208 358.8196
2010_004479 0.9800 1.6523 7.9584 136.6986 283.7653
2010_004545 0.9734 117.4005 67.9612 308.2022 253.5951
2010_004545 0.8826 74.2656 62.1853 414.3782 258.4016
2010_004586 0.9930 361.9223 78.9079 441.6310 156.4932
2010_004586 0.7044 355.6032 3.6043 497.7725 161.2615
2010_004836 0.7946 72.6779 51.1211 414.0258 315.3060
2010_004836 0.6398 117.4438 86.6277 371.4632 266.7994
2010_004857 0.9750 2.8391 86.4110 87.1036 232.3233
2010_004857 0.8420 137.6773 60.4458 258.2292 176.7912
2010_004982 0.5847 32.8331 41.1992 132.7706 139.1217
2010_005049 0.9862 433.7596 47.6485 500.0000 142.0766
2010_005158 0.9960 42.3111 99.1833 419.6938 331.9640
2010_005180 0.7243 152.2035 166.0954 222.4663 223.0807
2010_005243 0.8443 397.7935 90.8435 459.8260 136.1430
2010_005305 0.7830 8.2653 1.0505 191.3939 57.0677
2010_005345 0.9969 93.4834 36.9371 357.6348 318.8753
2010_005372 0.9843 157.1554 232.7209 244.9831 314.6093
2010_005410 0.9541 385.7006 135.7394 436.3423 182.1888
2010_005676 0.9968 239.6097 165.4379 352.3585 291.6968
2010_005827 0.8416 16.6578 0.0000 479.2399 267.5966
2010_005827 0.6550 163.2409 0.0000 485.0872 335.8346
2011_000009 0.9828 95.2622 40.5209 219.7646 182.2038
2011_000036 0.9653 132.6271 96.1721 280.3134 222.9996
2011_000037 0.9863 221.8860 168.1157 286.6856 211.2432
2011_000038 0.9952 201.6398 26.2765 330.9204 134.1728
2011_000061 0.9846 283.1451 170.7580 405.1486 286.4095
2011_000061 0.9660 34.4665 29.4712 122.4921 106.2334
2011_000061 0.9225 321.7440 0.0000 430.8812 103.6506
2011_000071 0.9885 225.6781 130.0266 344.5218 239.4553
2011_000077 0.9941 75.7988 11.4051 315.5901 234.0257
2011_000213 0.5913 246.7994 107.0622 281.5910 138.6925
2011_000253 0.9942 393.5884 185.9357 459.5383 244.6678
2011_000288 0.9932 204.7571 83.9792 339.4191 212.2993
2011_000364 0.9530 387.5326 95.3116 490.0288 181.7673
2011_000557 0.5386 19.1145 142.0865 359.6582 366.2420
2011_000607 0.9682 366.6112 162.9333 427.6039 227.9342
2011_000608 0.8406 346.6516 140.8946 455.9524 228.7865
2011_000608 0.6587 1.3008 26.9535 150.2192 114.9736
2011_000685 0.9493 31.3873 18.5687 435.4888 367.9534
2011_000965 0.7474 271.5989 140.3475 366.3557 231.3354
2011_001036 0.6953 383.6903 188.0057 468.4426 319.5393
2011_001128 0.5081 414.9648 114.4372 490.1338 216.3808
2011_001149 0.9724 403.0056 54.9854 496.2757 171.2747
2011_001223 0.8341 115.7593 187.2292 162.7349 221.8619
2011_001223 0.7783 176.0034 187.1124 235.8629 232.6537
2011_001304 0.9675 0.6126 105.9874 63.6328 168.0661
2011_001370 0.8355 40.9971 109.0395 111.7620 186.7514
2011_001387 0.8861 40.2006 118.2636 280.7894 332.4897
2011_001404 0.8080 302.9506 38.3592 347.4071 82.4551
2011_001507 0.9716 4.5202 76.0719 248.3195 278.0795
2011_001507 0.9332 17.4038 75.7466 469.8835 270.7454
2011_001507 0.9263 255.2462 76.8131 499.8269 257.2940
2011_001507 0.8207 267.1163 105.4866 455.3002 240.6239
2011_001507 0.5591 51.3224 45.4834 374.4715 304.0850
2011_001705 0.7416 145.9246 82.5625 294.0826 233.1108
2011_001726 0.9487 146.5490 132.0706 230.9528 196.3298
2011_001856 0.9945 86.0116 144.1399 146.3825 198.0902
2011_001910 0.7769 233.5865 167.8836 329.4306 319.0025
2011_001946 0.6297 96.3915 189.0665 148.7754 231.5690
2011_002154 0.9917 303.4369 163.2664 436.0852 280.6506
2011_002292 0.9979 30.0185 27.1910 217.4886 193.3444
2011_002409 0.8350 80.3911 72.8512 400.2982 331.9887
2011_002507 0.8303 186.7123 42.6951 237.4383 75.3068
2011_002532 0.8864 243.1320 37.9692 422.5322 177.9543
2011_002532 0.8355 11.4257 39.2477 192.6476 196.8560
2011_002610 0.9059 40.9529 95.5489 103.3446 147.3676
2011_002644 0.9903 155.0466 153.9929 217.4648 216.3616
2011_002750 0.9273 260.3737 127.5067 314.6624 174.4844
2011_002802 0.5500 0.0000 75.2943 140.1890 204.6283
2011_002810 0.9632 32.9848 202.1623 87.0013 255.7361
2011_002841 0.7285 0.0000 0.0000 423.0420 369.2160
2011_002879 0.9708 174.8755 130.0120 322.2860 236.0419
2011_002970 0.9252 277.7731 30.2476 367.8612 89.2751
2011_002970 0.9182 64.1777 8.8484 378.4692 271.6652
2011_002970 0.6174 37.5523 16.5273 438.8840 125.8596
2011_003079 0.5632 217.9617 179.1218 297.2606 252.9460
2011_003254 0.9973 152.4726 198.4150 277.8871 300.3774
